Genus	T1Appm	T1Bppm	T1Cppm	T4Appm	T4Bppm	T4Cppm	T6Appm	T6Bppm	T6Cppm	T7Appm	T7Bppm	T7Cppm
Clostridium	16.76527688	8.197901873	1.945687362	2.252643051	5.851131544	2.255575636	24.79831574	17.89406703	16.91540037	18.72820236	10.76628394	5.501135598
Coprothermobacter	0	2.619337519	0	0	0	0	0	0	0	0	0	0.103750309
Coprothermobacter	5.793300695	12.66630403	16.37239922	3.228452763	0	2.553843542	0.657750574	0.97584723	0.243872513	0.24634694	0.580970105	0.351945642
Coprothermobacter	0	0.040843414	0.782668258	0.122082584	0.115749246	0	0.237748268	0.159020995	0.257012588	0.808639115	0.985511845	0.295907512
Coprothermobacter	38.72563263	43.89043674	35.662052	9.707608356	10.02730775	8.778921746	9.857474825	16.28566301	4.269775505	3.287089666	5.879620371	14.2136716
Coprothermobacter	33.89860845	28.21163479	20.7825523	6.971242818	4.084071765	0.517342887	0.245668074	0.505807937	0.057900561	1.636478154	2.97713225	7.00760674
Coprothermobacter	0	2.113700119	1.637324166	0.022682867	0.628908091	0	0.527559396	0	0	0.163091289	0.156103268	0.249274622
Coprothermobacter	25.73266872	23.05886663	15.43050661	4.552207265	3.426940869	0.085212274	4.73508395	7.452827418	0	2.279397346	4.202421839	3.100353365
Coprothermobacter	6.525904494	6.949404946	5.330010543	1.032119266	1.566309607	0.576906812	2.068232542	3.010119213	0.575385732	0.813536123	0.844780433	1.136899679
Coprothermobacter	6.250440835	4.15761584	2.686919143	6.24881876	1.180664041	5.3264669	4.146104678	4.815377324	4.604331345	1.315852296	1.774336159	1.162842851
Coprothermobacter	0	0	0.305056212	0.828913926	0	0	0.59141313	1.63530943	0	0.226417135	0	0
Coprothermobacter	2.897010429	2.516237787	1.088551352	0.060443246	0.253450946	0.154888794	0.110259358	0	0.249708377	0.957099078	0	0.413356241
Coprothermobacter	0	2.519958414	2.494055582	0.403300479	0.282756073	1.05413475	0.804417602	1.343742836	0.203431706	0.592469615	0.982758835	0.275591661
Coprothermobacter	3.828848859	18.5174391	16.33911992	3.939270639	4.153360525	0.00853548	3.157659144	5.147068592	0.215959069	1.688381679	0	2.865382131
Coprothermobacter	10.72301538	16.22953999	7.984019926	1.406483618	2.395988589	4.228285146	3.490682086	1.075216122	1.63865371	1.145663273	0.840387474	3.567690991
Coprothermobacter	8.733020675	13.31811364	8.191996271	2.245630689	2.892695838	3.903435891	6.029977818	8.547268727	6.523905362	4.232630722	3.303775244	1.828383562
Coprothermobacter	38.9736264	38.28379668	31.93480737	7.515277534	11.34477543	4.025715901	10.33422617	16.5831948	3.862106537	3.3351233	1.901339464	10.07460681
Coprothermobacter	0	0.123612477	1.408727031	0.062280187	0	0.044128904	0	0.122553278	0	1.753049351	0	0
Coprothermobacter	47.68125495	38.28604478	35.41567691	6.911798886	9.259014259	11.61501786	10.63554175	23.83091291	15.29686873	4.237843092	6.270978366	7.62196057
Coprothermobacter	0.002433111	0.571885519	1.295345966	0.096672213	0.271458185	0	0	0.162940299	0	0.369443267	0	0.10732442
Coprothermobacter	37.87507519	45.24137273	27.24289604	5.849074086	8.860930487	13.12729832	3.524749636	14.21708915	1.107638927	5.041642381	1.471425458	3.939832529
Coprothermobacter	16.47493541	6.779226717	3.99714015	1.602851386	3.939528507	7.142612396	1.797714476	2.354661628	0	0.527026733	2.812704027	0.933649445
Coprothermobacter	3.14499182	8.133699941	8.039647713	2.273285712	3.352154503	0.204175971	3.897387338	0.478018756	0.430351673	1.648469593	0.573990627	1.601037312
Coprothermobacter	3.806928348	3.070081134	2.169749709	0	0.198955549	0	0	2.152939802	0	0.209627633	0	0.359259368
Coprothermobacter	3.679782409	95.47525612	7.257297348	13.93594504	6.326027708	2.744813973	8.459966326	11.06148028	1.15355532	10.58313617	1.416730142	9.32122929
Coprothermobacter	4.294908225	7.78137559	5.143859959	0.697304598	0.975351385	1.0434206	1.93512943	1.169741306	1.158048653	0.756223512	0.37323767	0.31397821
Coprothermobacter	6.316835087	3.818918223	9.609547406	0.676417381	0.09135863	0.074722707	0.015229074	0.210617651	0.089308077	0.091371176	1.001310649	0.06917082
Coprothermobacter	6.324701512	12.09320373	16.14430246	2.143837378	1.10600394	1.351698417	2.346031065	2.577323907	0.415757877	0.986607531	0.154817365	0.713882374
Coprothermobacter	12.19871459	14.27677671	22.62412762	2.625126297	1.934429809	8.896172001	15.25276272	14.78565025	8.716364458	8.838356238	28.95684207	28.02866904
Coprothermobacter	2.154634554	6.25105179	6.332701856	31.71487783	29.20755632	17.66203481	58.05759292	119.2879776	0.558890563	77.40276689	1.530890993	34.66990861
Coprothermobacter	1.998632893	2.944739386	3.436049665	0.567608549	1.648053346	0.637333029	1.006590449	1.388917793	0.146364618	2.007888733	0.121737822	1.620562342
Coprothermobacter	4.370282528	9.476772039	10.87107376	1.645384424	0.923787436	0	0.022843047	0.011135347	0.477495094	0.574448225	0.306652076	1.177705616
Coprothermobacter	1.615925465	1.713093981	6.484307661	0.571537326	0.335487162	2.86090237	1.037059708	0.340417762	0.197564155	0.697377433	0.430435721	0.031454832
Coprothermobacter	13.52060753	14.47065104	19.85079005	7.551081866	5.299100168	3.172767899	0.335420068	2.568648423	1.734451234	2.439596679	4.057532823	0.511224201
Coprothermobacter	0	8.535851928	13.22846183	0	0.334011433	0	0.389373447	0	0.374269523	0.303029259	1.003440284	1.341171058
Herbinix	1.490668493	2.483835018	2.336739435	1.701767319	1.545391562	2.054863128	8.543904758	17.55768013	9.641478684	6.354934632	3.542148875	1.546583503
Herpetomonas	0	87.70600069	68.86433803	7.498961432	4.211926078	0	0	0.095304604	0.873229685	4.214592258	0.212860168	5.926407769
Methanothermobacter	0.226224518	0.066927339	0.134008197	0.252517098	0.177634997	0.091595643	0.101156884	0.247394383	0.202797916	0.381991923	0.306943666	0.350197598
Methanothermobacter	0.030786648	0.590237396	1.159725528	1.399817384	0.435953679	0	0.231880939	0.196470001	2.605707905	0.802003879	0.218576024	0.877281699
Methanothermobacter	1.594669607	1.580686443	0.743843434	0.239575653	3.588639545	0.106302669	1.972800955	2.182098375	0.014942013	1.354957566	6.174507176	0.347950205
Methanothermobacter	0.309299696	0.573993167	2.090804336	2.921703559	1.784890039	7.217678078	1.868951754	0.032182368	0	0.321210995	0	1.357267796
Methanothermobacter	0	0.111960393	0	0.876640093	0.824334677	1.165697781	1.947381714	4.622946423	0.694613491	0.982370639	1.139142438	0.410157175
Methanothermobacter	0.196166094	1.192881388	1.648281486	2.893084363	2.189436008	0	6.224355917	2.06775976	2.045737429	3.067946221	1.809290584	2.585450155
Methanothermobacter	0	0.134220446	0	0	0.35567506	0	0	0	0	0	0	0.120726837
Methanothermobacter	0.043125872	0	0	0	0	0.975848686	0	0	1.48742259	0	0.598764324	0
Methanothermobacter	0.170565028	1.30923761	0.3688845	0.712474915	0	1.184397803	0.135144092	1.08262846	0.299473538	1.224261903	0.128215488	1.203909079
Methanothermobacter	0.09912552	0.884407411	1.654964595	0	0.301834477	0	0.016491725	0	0	1.914880084	0.016848501	0.192163536
Methanothermobacter	1.223166062	2.922078491	2.134109504	1.913440216	5.693317733	4.885368698	7.235561616	11.19725954	1.277077478	7.033549976	1.642062506	7.551112171
Methanothermobacter	3.923524503	1.189118302	2.416375025	7.412266639	1.4788822	2.781920347	8.533703718	6.518800003	7.371571882	8.065623714	18.38783164	5.192514786
Methanothermobacter	0.081657331	0.552639158	0.721565328	0.131356179	1.441137206	2.073497087	1.975150517	0.480235954	0	1.594170952	0.041887983	0.772417192
Methanothermobacter	0	0	0.351254874	0	0.154357126	0	0	0	0	1.224461647	0	0
Methanothermobacter	0.100304216	0.098886792	0.275282132	1.983150242	0.424802849	0.286858034	1.021779335	0.123142586	0.275111904	0.057032934	0.178399762	2.186627426
Methanothermobacter	0.775988339	0.47668227	1.222889288	1.655382104	1.572682562	1.702789858	0.864988503	0.682234753	1.011306451	1.696358041	0.807888315	3.906400262
Methanothermobacter	2.873353111	2.978355948	4.017709344	3.067495492	1.97727742	2.107204756	2.445207287	0.852187082	1.906865439	0.704762919	5.856203916	3.704325169
Methanothermobacter	0.320859973	0.267175545	6.907995254	0.421280759	0.281548232	0.703407272	0.168238517	0.48049031	0.349154394	0.082316016	0.209967976	0.195675948
Methanothermobacter	0	0.511177097	0	0	0	0	0.107607751	0.123247164	0	0.605054978	0.056161506	1.779711282
Paenibacillus	0	0.001649386	1.124991339	3.449189162	2.777875352	0	0.988867554	0.987426185	1.002163608	3.344341217	11.43042327	1.993482173
Ruminiclostridium	0	0	0	0	0	0	2.43691248	0.691479251	0	0	0	0
Ruminiclostridium	0.24196457	3.453994086	3.349360218	12.407509	4.45212888	0.462428149	15.04300595	6.960273478	10.74557844	10.23758711	0	17.63814183
Ruminiclostridium	1.900082623	1.637459652	1.101332537	4.091024007	1.67223594	2.521789894	1.791008603	1.035755889	0.50954771	3.112769623	0	6.534238366
Ruminiclostridium	0	0.055785045	0.086251309	0.775951975	0.240730351	0	0.044109592	0.023099345	0.017425333	0.990784093	1.100748688	1.584202746
Ruminiclostridium	0	1.45012881	1.56387568	7.916178761	4.156910335	0.122952013	0.090135326	0.703053843	0.16627355	4.679197438	1.628814432	8.825167701
Ruminiclostridium	0.583224723	0.259287693	0.385709864	6.232057445	1.135289576	0.171943566	8.712091167	3.496326887	1.335129904	6.92996173	0.93685129	9.305669517
Ruminiclostridium	8.148756541	5.303847447	3.711858369	9.540858927	5.726628712	14.49293954	42.53827804	10.38662282	20.39734173	8.212439794	24.92706306	13.0052916
Ruminiclostridium	0.625082638	0.388585334	0.299165105	0.172869994	0.219860008	0.398902457	0.377556803	0.442387691	0.032724625	0.367224133	0.159046955	0.795744692
Ruminiclostridium	0	1.755280407	2.362146294	3.437120299	3.530462745	5.233180786	1.476393643	2.861508269	1.458747966	5.26363846	3.705669422	0.44838295
Ruminiclostridium	2.443744702	1.945561553	2.170585874	0	0.539922332	0	3.609961544	2.073938455	2.113624238	1.118617764	1.177650486	2.796779627
Ruminiclostridium	0	0	0	0	0	0	1.238896132	0	0	0	0	0
Ruminiclostridium	11.28067216	2.391210263	2.310456889	11.42932036	3.669121724	19.36252493	26.34300308	9.808233777	27.21223703	13.47270999	12.25899316	12.88188896
Ruminiclostridium	0	0	0.067912451	2.608181017	0.317953983	0	3.943463383	1.222866987	0	3.034602093	0	5.34338896
Ruminiclostridium	0	0	0	0	0	0	0	0	0.84836788	0	0	0
Ruminiclostridium	1.089455013	2.765617594	0.064537533	3.395188379	0.914541203	7.502584889	50.87803356	1.902422199	3.57827685	2.402823945	0	0.050539757
Ruminiclostridium	2.789008452	2.748030486	1.128611899	9.644519397	10.47197767	14.10392171	7.833159837	7.197697396	0.157227674	5.472205361	0.129224961	4.45305502
Ruminiclostridium	3.978316583	4.30905184	3.662317176	14.23388542	10.28675057	25.47794884	0.087864933	0.183971368	22.50887981	3.529203255	3.272753039	5.083630304
Ruminiclostridium	0	0.687394765	0.903137504	4.588646696	2.419790167	0.013215489	1.042729928	1.242259946	0.019006437	0.390676245	0.086660224	0.256411266
Ruminiclostridium	5.982751812	4.040635177	1.544995392	9.449054957	9.265865368	14.0277917	7.797581379	8.328319952	4.402821414	3.12698345	1.890880063	0.251839488
Ruminiclostridium	1.000378568	2.032255231	5.986878444	6.972021113	6.56974825	6.652255218	4.083319294	6.666865412	3.205863707	2.138172887	5.759406928	0.685665408
Ruminiclostridium	1.224186862	2.216720188	0.681187145	8.678548288	1.380713707	1.7717731	3.789483759	3.655468646	1.498086036	1.440571426	0.043000296	0.247053025
Ruminiclostridium	5.756561725	4.185255492	3.301382424	19.75577458	11.76776949	15.43344979	6.045855153	7.575641508	4.736231122	2.969112892	2.038558098	0
Ruminiclostridium	0.361329592	0.500596992	1.313853395	5.556098428	3.226827825	3.208523029	0.237001203	0	0	3.018141426	1.690496293	0.398989156
Ruminiclostridium	7.819790027	7.416222998	3.684370781	26.99044027	15.37716544	22.47984305	16.87977733	17.24176517	14.81655864	5.474581227	2.200307132	0.033462428
Ruminiclostridium	0	0	0	7.8768719	4.024285723	0.054951045	2.011911648	3.269841845	0.162608396	0.789386685	0.297854009	0.421912953
Ruminiclostridium	1.670846694	5.806020384	12.8244997	19.20249523	14.17850439	3.573610637	9.686519041	12.176121	2.465219598	4.276804962	0.349312151	1.284790383
Ruminiclostridium	1.493669971	3.68147476	5.374359252	2.105696166	2.696924769	1.90289628	15.99822422	31.6508343	15.90215205	16.02948353	7.580761288	3.821435557
Ruminiclostridium	24.01758737	15.24557813	290.7681032	41.13089233	16.69343168	32.37979854	99.99700224	53.46262821	46.11987702	51.05387293	13.14502263	11.3318492
Ruminiclostridium	13.72520344	3.50452681	1.396054183	6.962225674	1.307506597	28.65139567	14.76489345	3.577603295	17.19541306	6.09222188	12.87280923	7.418042758
Ruminiclostridium	34.42771856	9.972597899	0	17.48295714	9.397273766	47.14959172	51.00923677	22.66788689	54.31853771	21.54432272	21.06553055	38.31678895
Ruminiclostridium	0	0.803033201	0.144102988	1.342116903	0.344324771	0	0	0	0	1.081625786	0	1.49758446
Ruminiclostridium	8.987568287	3.937489869	12.42006056	13.06224676	29.64064712	36.07344778	39.78500508	34.57096971	4.406818114	23.83361693	36.42359985	13.85230701
Ruminiclostridium	4.089612399	5.2091878	7.45435094	5.301700911	1.709623486	1.711123998	5.590069801	1.627439487	0.148808598	3.759888544	0.125190708	7.199190234
Ruminiclostridium	0.582569988	0.617374661	0.62250027	0.521568403	1.268382589	1.161386929	0.741070872	0.70095153	0.412001354	0.939928301	0.461671328	1.435115197