Genus	T1Appm	T1Bppm	T1Cppm	T4Appm	T4Bppm	T4Cppm	T6Appm	T6Bppm	T6Cppm	T7Appm	T7Bppm	T7Cppm
Acetatifactor	0	1.255884136	0.043520534	0.138512859	0.171464399	0	0	0	0	0.295353755	0	0.457118643
Clostridium	0.193527312	0.060967755	0.004738177	0	0.639295934	0.420592192	1.001864713	1.518556274	2.546295131	0.510912503	1.476759132	0.212683135
Coprothermobacter	69.647754842	89.47862897799999	81.52969288	63.641707458000006	52.27016341300002	92.93220681399998	88.724518883	51.911903575	65.29021306400001	55.10024887499999	90.964124264	74.58071657199999	
Herbivorax	163.03815722700003	77.77285745599998	39.650128748	102.46499744900002	100.41657520799998	153.754012355	68.79223223199999	45.266680342	55.694803613	90.12463138700001	113.63041661199999	86.74967003500001	
Labrenzia	3.215520084	5.887361108	3.393349538	9.204426272	6.277533617	1.736660068	2.093267426	1.416234634	3.241524648	3.900119093	5.46627918	9.334677234
Listeria	19.63817056	12.18279293	15.39395395	173.5399869	51.19209055	116.6204898	143.1544319	80.07746779	145.1328983	91.02411214	41.92337117	68.52795237
Paenibacillus	99.61956368	43.930749215999995	29.206992249000002	77.071437651	75.461633569	36.529472451000004	64.5526511	39.458436823	47.882103185999995	102.788705751	110.122235413	145.259617056	
Ruminiclostridium	2456.712303274999	2207.002553271999	1625.072227919999	3634.6495459780026	2883.992498979998	2529.080246945	2607.2423166209965	2737.842043505003	4504.180505267002	4933.787158332996	4715.834653279001	4630.286868661005	
Streptococcus	5.850451424	11.04026177	6.874339425	3.895174158	3.420647962	1.097360276	2.651090717	0.900374697	0.027604525	1.170157609	1.667741902	3.485968142
Tepidanaerobacter	0	0.294572968	0.598046937	2.250419765	1.174326064	0	0	0	0.841414942	1.874494146	1.150936802	0.532188442	
Thermobacillus	1.693492155	3.316537783	2.9180763	9.010527092	15.46938792	0.044244311	0.911749594	0.047263437	5.501001421	0.500933499	2.675227738	0.179455036
Treponema	24.20267369	14.09125279	14.67190604	5.275539562	2.835550705	3.454310677	2.940283813	2.266437228	19.59990601	3.856152555	15.75625728	7.506707703