GO_BP	T1Appm	T1Bppm	T1Cppm	T4Appm	T4Bppm	T4Cppm	T6Appm	T6Bppm	T6Cppm	T7Appm	T7Bppm	T7Cppm
GO:0000027 (100%);GO:0006412 (100%)	13.319758021999998	65.033336626	132.801221072	5.447815344	4.006983176	7.389126225	8.622056005000001	1.135280165	2.115391105	4.636329545	1.709392081	4.479184123	
GO:0000105 (100%)	9.660693449	17.822277304	28.097286031000003	22.190705888	82.72233734999999	32.447609315	2.3328063709999998	3.322338452	15.859542885	28.629573152	12.189479168000002	3.6865537870000002	
GO:0000105 (100%);GO:0009086 (100%);GO:0006164 (100%)	6.419779471	33.352115784	39.420376969	8.062446957	25.136499206	31.269178384	16.879394718	25.426220697	20.916000758	16.238965346	22.581015273000002	19.116731778000002	
GO:0000160 (100%)	1.728586977	2.31909708	5.95348087	0.208580453	0.451970114	0.253683247	0.03941728	0.0914061	2.074486037	4.928638662999999	2.615868849	0.322640965	
GO:0000160 (100%);GO:0006351 (100%);GO:0006355 (100%)	72.26342374599999	84.372580953	113.83232409	25.483038539	57.831394684	85.19369590000001	39.062292651	40.71355178799999	20.382712399	72.028202605	57.17073527999999	34.919247528	
GO:0000160 (100%);GO:0006355 (100%);GO:0006351 (100%)	22.608284082999997	64.531891018	80.818769385	23.076920193	35.582795506000004	54.017329137999994	36.977156103	49.57321295599999	86.407512393	77.062177033	49.239615840999996	23.872420512999998	
GO:0000271 (100%)	0.123352258	0	0	0	0	0.008397617	0.928772504	0	0.19408037	0.036013574	0.207301822	0.657225363	
GO:0000902 (100%)	485.17429947100004	469.841367938	950.9880017409998	181.88889343	400.98576719700003	278.01678025499996	195.084536298	176.44106895699997	185.00049753199997	325.91310566399994	261.91582820300005	274.77427688399996	
GO:0000902 (100%);GO:0071555 (100%);GO:0009245 (100%)	81.93848984200001	74.313725201	113.27709592900001	15.968243397000002	9.674355939000002	18.792409251	21.166710426	12.961781733000002	14.035666385999999	14.074350469	9.619018955	17.881232968	
GO:0000967 (100%)	0	0.369265358	0.950538913	0.408863182	0.300671238	0	0.126399628	0.078345946	0.994112594	0.745326955	1.409358252	3.85804476
GO:0001514 (100%)	5.384671454	40.560608847000005	33.342582564	26.807386396000002	11.382313931	35.542189177999994	35.60144389	30.477715681	12.201757548	21.834190355999997	18.295012999	21.682664964	
GO:0001514 (100%);GO:0097056 (100%)	94.06990711199998	84.149056896	95.252915683	17.525103689999998	18.438200813999998	10.670305695000001	13.943125013000003	7.983082234999999	9.883844777	24.670087078	11.788591184	25.756939441000004	
GO:0001522 (100%)	1.032873065	1.926524496	3.1759921340000004	1.7541285329999998	5.450716712	6.6040894	15.628837959999998	3.109606116	12.073001154000002	8.832070824	7.250341182	3.8584151479999997	
GO:0001522 (100%);GO:0008033 (100%)	0.109167782	2.1764299559999998	2.5873009710000003	3.655877443	3.83241402	7.273311145	9.414902928	7.617412380999999	5.7998729959999995	5.540522924999999	4.840814901	3.422305091	
GO:0002098 (100%)	31.324222941	71.02935053199998	74.015214438	30.654894912000003	30.502686414999996	16.725954223000002	18.910012996	18.275696877000005	19.506399938	23.611364880999997	11.716519788999998	28.140384825	
GO:0002100 (100%)	0	0	0	0	0	0	2.605304748	0.643421735	0.061820934	2.226310244	0.257382712	1.161973005
GO:0002143 (100%)	32.760620175	39.374757289	41.795561463	10.439675888	18.560038818000002	7.659923272	32.478769689	9.500052172	8.375140232	27.673643499	20.829706536000003	15.976172588999997	
GO:0002949 (100%)	39.315869285000005	55.344528714000006	43.959493945	22.851859425	36.09646707599999	55.550098023000004	50.15494180499999	66.975690405	105.87595673299997	44.780016070999984	46.947561484	30.302880169	
GO:0005975 (100%)	1210.634779017001	1278.029653841	1967.016633772	928.4761908519998	988.8414913120004	727.2669254529999	907.5288633790002	554.0687047959998	955.498107929	1012.2591953899998	715.7995461850006	924.214287302999	
GO:0005975 (100%);GO:0006044 (100%)	47.52544055600001	54.982884088000006	46.141343158	9.243832269	22.831481553	17.647909835	21.332322367	21.289476326	9.114730746000001	21.759383350999993	28.935268607	14.524461434	
GO:0005975 (100%);GO:0006098 (100%)	487.627960068	365.002741861	354.2133713279999	142.537239648	176.05272718299994	223.190061308	249.76688148500006	236.07722136500007	167.16984487199997	233.195305789	109.20089652200001	137.442027131	
GO:0005975 (100%);GO:0030259 (100%)	0	0.6445342810000001	1.472194495	3.254071984	0.446719951	0	0.303198851	0.26745658	0	7.556903135	0.030815255	5.54033838	
GO:0005978 (100%)	194.14345573800006	219.70168892700002	440.348494039	182.65588375899998	132.25028917900002	157.329614313	166.74127357299997	154.25455334999995	180.259072763	183.58143419299998	178.59145761300013	209.714060043	
GO:0005988 (100%);GO:2001059 (100%)	70.92660674499999	50.573492675	118.38837012	39.969927068	81.68216540099999	53.935059365	83.41877137	42.83248445299999	39.810863765	104.819080505	64.94610060499998	61.90076668100001	
GO:0005988 (100%);GO:2001059 (100%);GO:0019303 (100%)	3.8158802439999997	4.391597642000001	2.767951372	1.2046680789999997	4.079802524	2.47671779	2.426426995	1.6274869029999999	1.102226806	1.60719158	0.5016180299999999	4.885102546000001	
GO:0005996 (100%)	146.246737373	188.75863842899997	117.926563457	10.640780392	30.278100828	14.485573492	26.167409329	29.215263635000003	9.107612689	9.622148398999999	24.420738944	25.940109659	
GO:0006002 (100%)	1103.1979399809998	843.5104604490001	1698.778614792	275.55178998	278.8224782970001	263.466528694	450.57415563699993	174.51488280899997	191.016068989	384.71384505899994	284.9477493529999	301.908687444	
GO:0006006 (100%)	2868.1284596930004	2787.587437857	4699.313113252	722.422121228	673.574569214	501.47131584	1292.7946424369998	330.282640395	334.00620173399994	936.472027278	507.219063683	699.6405338190001	
GO:0006015 (100%);GO:0009116 (100%);GO:0009156 (100%)	184.10420512999997	126.804436431	249.33845109700002	48.79001479300001	100.792330776	60.667820987999995	139.215979051	105.099836371	51.102241285	69.816221625	37.840624484	92.87734161299998	
GO:0006015 (100%);GO:0009116 (100%);GO:0009165 (100%)	8.970405920000001	30.300319622000004	84.105747844	10.724615421	37.121227383	22.985233533000002	17.425869142000003	19.311710011	4.013320167	12.637464495	4.618449791	12.068525942999997	
GO:0006015 (100%);GO:0043094 (100%);GO:0009264 (100%)	11.908543889	22.829964567	22.250251658000003	2.046475864	3.254954202	0.790733269	4.675715099	5.588904464	1.1070224560000002	3.108584497	2.2124783700000004	2.8293564259999995	
GO:0006044 (100%)	28.489693425000002	26.510494341999998	65.354923689	15.259010585999999	18.322032222	14.854168922	16.816725798	14.486667738	9.680944398	18.9402549	24.441815358	21.674078631	
GO:0006071 (100%)	307.143005073	207.07275634699997	242.95182505900004	52.946024794	102.26016401399998	59.15621335800001	67.291532585	34.92363901	30.830704692	20.199074669	49.766350083999995	57.276520771	
GO:0006082 (100%);GO:0006085 (100%)	875.828258996	955.09929879	762.638003078	206.95049628999996	334.52188119000004	192.127644296	300.108574171	393.0056435039999	121.247043834	241.94859974300002	272.107477591	238.37983328099995	
GO:0006085 (100%);GO:0006082 (100%)	207.363593915	188.99065153899997	171.859620144	55.72508613800001	72.73501720899999	44.110391762000006	60.494255835999994	105.79801085999999	23.226598280999998	42.44407196800001	32.065798782	54.79253822900001	
GO:0006090 (100%)	5582.899892824999	7965.3269763080025	9795.309800117997	1163.1985509479998	759.0615776060004	664.2456119240002	527.3170029529998	471.44893436400025	868.536368196	922.6070817309994	344.11151268500004	973.1062334590001	
GO:0006094 (100%)	691.392613899	826.9518107980001	636.64048674	308.1228894880001	287.436909323	295.72699266399997	212.99068617500004	193.135832061	381.1185376420001	453.11661643400015	86.165162682	400.8965258309999	
GO:0006094 (100%);GO:0006096 (100%)	803.9949452349999	1312.548272402	1174.4494180460001	192.810160518	467.79925176999996	618.7452157600001	292.05966057700005	389.131972793	440.39029515299995	567.2005553139998	840.7250027299998	214.98950580200002	
GO:0006096 (100%)	7409.099141401	9258.762103394001	9747.642280927997	3297.3831572230006	4088.408881125	3208.2993775219998	4757.826063325	10222.200652459002	2856.2668374309997	2689.6963799450004	2336.7257596780005	2432.567058915	
GO:0006166 (100%)	338.29137649399996	810.7402071160001	688.0035044280002	50.58205295200001	91.42149446500001	173.30395969300005	69.240904126	125.566998052	74.75476803700002	86.30162188099997	139.01561582899998	84.94654115600001	
GO:0006166 (100%);GO:0032264 (100%)	146.812396689	22.736640013000002	6.398661387000001	9.843339731000002	15.2705319	16.063789118	16.708501444	9.107906219	30.83816562	20.794734866	14.577890175	8.224255057999999	
GO:0006168 (100%);GO:0006166 (100%);GO:0044209 (100%)	153.75361193799998	51.272437677	17.028472875000002	23.302985818999996	29.173960484	21.312266532	48.48891339600001	20.273160642	47.571047618	45.960648035	82.51560796	19.512088076	
GO:0006168 (100%);GO:0044209 (100%);GO:0006166 (100%)	67.790410469	64.48617241	34.414495427	20.781907210999996	19.858679922	31.003522106	52.83867814999999	29.159167493	20.447885112999998	41.115873829	31.227790651999996	24.720302661	
GO:0006177 (100%)	345.58980910899993	314.16308885099994	156.596736619	255.57705509399995	359.53896288400006	454.37466523100005	399.680053247	219.79071629700002	47.112096031	300.176778587	28.368085121	307.057619221	
GO:0006189 (100%)	94.768128685	40.732272124999994	47.640911751000004	35.376702037	31.004458111000005	19.571204393000002	51.05234174	10.893845714	32.831856201	22.943477733999995	27.661094595999998	29.806408578	
GO:0006189 (100%);GO:0006541 (100%)	1.385477297	0.755449679	0.258653489	1.623049943	2.211699741	0.199624348	2.852488904	0.57770642	1.740679052	1.105858361	0.149795981	1.404448084	
GO:0006189 (100%);GO:0006541 (100%);GO:0009116 (100%)	0	0	0.028851911	0	0.150359086	0.024893388	2.185007873	2.418857245	0.188189089	2.777031276	0.472125029	0.745917622
GO:0006189 (100%);GO:0009113 (100%)	1.958539701	2.922965928	2.974725822	0	2.825845234	2.281250927	0.213950399	3.603752896	1.825364473	1.92569452	3.19169228	1.317221446
GO:0006189 (100%);GO:0009236 (100%)	11.584557035	4.960507969	8.132749408	14.794333186	13.044821606000001	6.872393382	4.906114307	6.621116208	4.812306556	19.218574675	24.971162855000003	3.83718592	
GO:0006189 (100%);GO:0044208 (100%)	60.281953140999995	179.90777167099998	123.152269324	62.129120689	48.380122885999995	38.443865806	88.857998254	155.554850121	15.022069572	104.890429479	39.35362761500001	78.15821576100001	
GO:0006206 (100%);GO:0006213 (100%)	150.21361263699998	235.56060193100004	261.50168569199997	36.520355658999996	134.676379846	41.26052316	80.215312371	216.846721784	25.223980722	89.893148807	40.33949939	273.40583710699997	
GO:0006207 (100%);GO:0044205 (100%)	18.851753734000003	12.013995271999999	10.733440632	6.039532230000001	11.647826647999999	7.7987091920000005	18.092041088000002	6.582395602000001	10.495203729	13.801347574000001	16.083545641999997	3.1671826519999997	
GO:0006213 (100%);GO:0006206 (100%)	391.87588034999993	439.14781526	439.257023562	57.957659017	65.58337977400001	69.34113954799999	83.08437427300001	107.032755732	73.81238234599999	91.88460505799999	39.108850063999995	92.39355933	
GO:0006220 (100%)	6.29679356	33.88029700499999	21.193801965000002	8.396996614999999	11.147984904	41.325537586	15.682922844999998	35.901103469999995	8.335680744	6.596458351	12.254257921999999	7.123866369000002	
GO:0006221 (100%)	9.164781296000001	34.493242015	45.672728322999994	8.225488614	171.70145820000002	20.771773322999998	11.656236935999999	81.360573108	12.122488581000002	20.290924245999996	31.444512685	25.790593417999997	
GO:0006223 (100%);GO:0044206 (100%)	183.57628398100002	86.568665348	37.73523781600001	61.701557401	225.783677084	26.159120982	32.736187099	16.332997614000003	51.767115466999996	20.959042721000003	14.245130542999998	28.997951149	
GO:0006226 (100%);GO:0006229 (100%)	15.356871422000001	2.988343994	1.360308685	2.041115291	1.7122636940000002	0.5088353720000001	0.77847849	3.053234294	0.759639119	0.6630940000000001	3.697941721	1.7462894409999998	
GO:0006231 (100%);GO:0006235 (100%)	29.192862387999998	40.921156812999996	52.167507236999995	34.333097491000004	42.665569512000005	158.359517613	30.220290523000003	46.336573914999995	50.946111705999996	13.883683706	24.071056255000002	38.842081606	
GO:0006233 (100%)	40.43042057999999	28.486178393999996	17.989601886	19.038515154	31.755700542	18.370834311999996	39.135730969	59.695899033	22.343014272	31.345957898999995	45.387819701	22.642829277999997	
GO:0006241 (100%);GO:0006183 (100%);GO:0006228 (100%)	4.909263623999999	18.711324059	29.526517894	7.852759317	4.922301303999999	4.2953342150000005	12.545728874	13.532313053	12.020591507	7.133110027	7.766562446	10.262251164999999	
GO:0006241 (100%);GO:0006228 (100%);GO:0006183 (100%)	23.737470166999998	57.241152425	69.657803501	15.252244597	9.411278415	26.831430974	36.708087357	27.20641931	10.980916671000001	33.033177	12.002067224	16.837991576	
GO:0006260 (100%)	246.98111216199996	307.22762047200007	251.23933957199992	85.15730576700001	93.74686746900001	237.75245625399992	175.52816262899992	422.3644976170001	62.384298055000016	129.94070968800003	110.54667949300001	118.18808042699999	
GO:0006260 (100%);GO:0006457 (100%);GO:0009408 (100%)	0	0.020270942	1.299846564	0.248667606	0.313990619	0.861650716	0.408744622	1.144494199	0	0.573639991	0.974208963	6.519497114	
GO:0006260 (100%);GO:0071897 (100%)	536.7355311770001	569.37619113	729.6812363110001	110.41997752399999	64.76506380800001	69.04576454800001	56.813438600999994	56.04312740800001	45.645811980000005	65.639755841	42.33165614899999	102.62836441800003	
GO:0006265 (100%)	144.35134610599997	326.61153395900004	407.371095758	88.88330342900002	97.99796577100001	124.762236792	163.3635307769999	205.895479564	143.33204752299997	124.02581296100001	625.7481540330003	126.45206789000001	
GO:0006269 (100%)	19.315249639	15.513089564999998	35.146800474	6.101027206	2.5008295929999997	3.4194926359999998	8.480351405	2.9952382099999997	1.6785992280000002	6.252892722	2.457471709	12.613692651000001	
GO:0006270 (100%);GO:0006275 (100%)	44.281891339999994	48.341154532999994	138.78641003	126.969874065	108.750777218	114.83313986700001	102.37452442099999	93.83380637899998	109.909118571	66.95176168200001	99.04771066800001	53.087680876	
GO:0006281 (100%)	93.98120570900002	311.468268216	263.815524827	184.80294451699996	470.15076973900005	323.01133474799997	178.650491815	441.797291634	172.9286335379999	572.778388012	443.036089649	359.71357103000014	
GO:0006281 (100%);GO:0006260 (100%)	30.582516653	91.11799863300003	124.79959706199999	48.16614374099999	98.617831972	162.525428365	22.363301116	22.660092801000005	106.70413497300001	130.79355083599995	35.949321723	38.631795773	
GO:0006281 (100%);GO:0006260 (100%);GO:0009432 (100%)	0	0.096131337	0.666876179	14.39881479	7.537659355	0	1.417621921	0.96381331	0.301945398	7.354337998	1.033689355	0.963168039
GO:0006281 (100%);GO:0006260 (100%);GO:0045892 (100%)	0.39716657	0	0	0	0	1.042574574	0.041392185	0	0	0	0	0
GO:0006281 (100%);GO:0006261 (100%)	0.135481393	0	0	0	0	0	0.030095971	0.247151786	0	0	0.107518078	1.106208673
GO:0006284 (100%)	19.53934856	37.590126794	35.386942088	20.758001758	28.14737429	34.499154066	55.208545997	60.414267907	56.425898696999994	42.92569919300001	71.55561003799998	52.045629056	
GO:0006289 (100%)	8.714238648999999	51.43654681800001	41.81251605599999	20.673704012	24.23580085	57.80578042900001	58.26305804800002	88.581305399	47.56220719	19.241029157	183.13219286300003	36.454384524999995	
GO:0006289 (100%);GO:0009432 (100%)	0.207926125	3.4749454450000004	4.231931254	4.266464280999999	4.5014616290000005	2.192912936	2.542473058	5.300445235	0.500332755	2.716324427	2.528536297	2.801639029	
GO:0006289 (50%)	0	2.266251889	0.216100353	0.239645024	0.691722325	0.117146496	0.445458615	0.283993373	0.23947205	3.752676395	2.07608457	0.617608209
GO:0006289 (67%)	0	4.926464029	4.526669471	1.648119816	1.758119367	0.173632832	4.360110649	0.828112416	1.300353201	1.515658155	1.110474792	1.915263361
GO:0006298 (100%)	33.798343005999996	58.173813120000005	63.60466310200001	23.322169896	25.858795851	36.154441283000004	27.761196228999992	21.308544172	29.493544939999992	29.552566455999994	13.669600687	23.041434800000005	
GO:0006298 (100%);GO:0045910 (100%)	0.005992087	7.39638076	8.620161406000001	2.616837669	1.4579066850000002	0.49012368000000006	0.34477199999999997	0.999118317	0.272811195	1.534256363	1.014513614	5.321732997	
GO:0006306 (100%)	199.97659277299996	95.45014175800002	87.17413461200002	67.12595651800001	105.926059798	58.262233387	80.51487769200003	87.803764738	2009.4993947659993	119.69914877699996	34.63767706399999	66.22233127499999	
GO:0006310 (100%);GO:0006281 (100%)	16.926116604999997	24.558245040999996	29.398900343999998	37.37103590499999	23.621203775	12.79041693	24.296869632000007	21.981589348	13.910066805	19.669549787000008	37.912989381	21.671784800000005	
GO:0006310 (100%);GO:0006281 (100%);GO:0009432 (100%)	7.867255802	20.205344982	21.719138885	4.098156253999999	5.331687469	6.307197661999999	12.564603274000001	4.690232825	2.443884834	5.279069461	9.521055979	15.645615984	
GO:0006310 (100%);GO:0015074 (100%)	0	8.889152879000001	3.622885178	1.329075138	1.1142249610000001	1.221573889	1.268684435	1.195797012	0.34271485199999996	0.450718922	0.620867468	1.7484084180000001	
GO:0006351 (100%)	2363.417509894	2130.068682269998	1928.141809364	730.3013237010005	866.3582469779997	816.1715207109995	641.7482611490002	552.5868914659998	494.2328952670001	501.6549425180004	503.54512708899995	890.0611809679999	
GO:0006351 (100%);GO:0006355 (100%)	53.744015577000006	80.29591207699998	112.860753869	30.759019557	99.32649353200001	69.960188577	26.799768427	22.441994667	23.549109058	60.947341024	75.309585773	35.199782201000005	
GO:0006352 (100%)	81.224002977	90.658348339	167.82993859500002	43.01123117	48.346885794	57.746650988	55.001560432	54.163602215	97.02255943899998	55.884744088000005	141.19454471200004	66.03956787099999	
GO:0006353 (100%);GO:0006355 (100%)	73.740032297	74.92953931599999	62.953461123000004	30.754736248	17.939407994999996	26.620916316999995	27.783992299000005	26.103260296	94.85969836	33.390910403	20.464567615	41.302386389999995	
GO:0006353 (100%);GO:0009116 (100%);GO:0006355 (100%)	4.825971959	12.078601452000001	14.702985745	6.087497205	5.850571642	1.4105525509999999	8.299935141	4.995372887	1.122411468	10.549753380999999	1.439322118	4.379847144	
GO:0006353 (100%);GO:0031564 (100%)	9.408258728	19.424466763999998	34.040541630999996	16.264203637	24.704729043	7.927041224	35.406918716999996	26.363621031	19.616324792	31.395179784	19.619516773	12.660418335	
GO:0006354 (100%);GO:0006353 (100%);GO:0032784 (100%)	10.442474921999999	20.258740116000006	16.955043987	9.723520259	13.895762508	6.396117427	13.62959795	13.372002988999999	20.14600939	12.384843157	12.119360051999998	57.821930888000004	
GO:0006355 (100%)	88.702398456	104.110662351	75.39890781299998	25.57104206	38.908296592	43.753392082999994	83.799994726	97.64119372300001	67.31704289999999	126.31124792300001	94.41745918400001	54.735951246000006	
GO:0006355 (100%);GO:0006351 (100%)	11.536768	24.853246600000002	60.707454995	13.111784366	20.691539963999997	11.949860573	9.625618275	10.46760618	11.177232637000001	24.557356857000002	20.644469437	13.869624199	
GO:0006355 (100%);GO:0006353 (100%)	153.50295762	151.60312190999997	116.967863518	40.53278329999999	19.729670838000004	53.961985780000006	34.749611899	34.598567404	107.226442566	21.961192370000003	19.905868646000002	45.262946119	
GO:0006355 (100%);GO:0006353 (100%);GO:0009116 (100%)	21.923523346000003	24.774309253000002	7.799327761	6.741792748	12.487040431	9.367269306	10.175527800000001	7.952125358	10.495389229	10.744810537000001	10.734366156	4.298596786	
GO:0006364 (100%)	83.610173969	197.88110551200006	196.78397043599992	315.8249040770001	145.31525934799998	102.11314584099999	144.256302455	127.55932054700003	98.006592771	136.78989668999998	100.241772523	84.722608014	
GO:0006396 (100%)	122.444727554	207.28487298000002	157.638712491	126.63486095100001	138.09055595399997	151.03232001499995	173.530908025	179.545664367	282.56299962399993	143.58472471400003	139.65583281000008	107.49861872100003	
GO:0006400 (100%)	36.060198035000006	87.01869876600001	87.82995774900003	58.223768198	57.217657191	14.335602352	44.152347629999994	38.39514049700001	23.154520042	70.710803828	52.74444234	76.069634367	
GO:0006400 (100%);GO:0018339 (100%)	11.047928073	15.845070541000002	22.496469690999998	5.8670600209999995	6.050957753	2.260428551	4.047771938	8.304645842	1.0965718070000001	1.8413338180000003	3.3812756800000003	1.117294891	
GO:0006402 (100%)	223.06905800300004	319.884888628	221.52081875499996	30.107575936000003	25.649177730000005	29.536358791000005	42.895953843	17.742086331	14.646774579000002	33.323453059	31.518544130000002	26.209879669000003	
GO:0006402 (100%);GO:0006396 (100%)	496.6601884470001	707.0126807560001	985.5879634749998	183.00830144399995	135.56550517300005	111.43793177299999	113.07550298399994	60.35688853299999	61.555306645000016	175.26923056799998	100.09398501	253.8152366449999	
GO:0006412 (100%)	5346.079766526998	6627.984449556992	8734.174370805002	1272.6056061089992	1952.6517338450005	2445.2018560889983	2706.6106900229993	1903.6767205590004	1780.8753427929998	1966.5808946950015	1503.831078528999	1350.949958384	
GO:0006412 (100%);GO:0000027 (100%)	22.416941844	131.38902462	199.14874011999999	22.635119335	16.618317493	4.6887430409999995	9.924099903000002	6.79637941	3.5941586419999996	11.352939435	10.22812428	11.023302821000001	
GO:0006412 (100%);GO:0006417 (100%)	146.0512713	347.43144145300005	418.45605254099996	50.877030170999994	79.00612457899999	123.807765022	67.557637415	79.240873865	74.806475844	72.124798771	109.710916662	33.920407672	
GO:0006417 (100%);GO:0006412 (100%)	22.721147316	115.204569563	74.30961715699999	16.433484548	23.001743376	15.652368374999998	35.721446668999995	46.586370907	16.69641254	21.765270015	21.35239336	21.80022375	
GO:0006417 (100%);GO:0044238 (100%)	355.333635408	150.840342246	107.100446269	84.79485453	123.900823153	92.44743097	96.469196052	50.247651937	89.259513811	58.460572278	47.170460624	58.17916201	
GO:0006419 (100%)	423.1859477269999	681.2105638299997	723.04305951	174.007306337	136.62799406399995	100.54331350499997	93.17740723899999	128.831337949	100.92561246700002	153.577197768	82.15700182500001	148.073483516	
GO:0006420 (100%)	234.271196071	179.052445377	134.214207713	217.158062452	45.47800920700001	67.18017051199999	299.077571793	225.65467801700004	42.936872220999994	51.285725054	30.453078460999997	219.76888152499998	
GO:0006420 (100%);GO:0006426 (100%)	319.2028871089999	807.1911463839999	354.0043259899999	1240.012463781	382.12134188999994	57.26192776500001	256.589821479	93.155119198	56.77509404599999	131.90846029099998	46.22966806	608.468915738	
GO:0006421 (100%)	448.96390459799994	237.108331803	461.239846148	86.81451973500002	35.518580169	101.373976028	79.308360572	40.44868841299999	48.35077668999999	51.807952668	82.64010252800001	56.046880011999995	
GO:0006422 (100%)	101.630186088	142.130616692	135.820703981	44.41084507	31.906082414999993	35.12112453499999	33.988795501999995	30.829365699000004	120.91423834699997	43.402259066999996	33.895830113	38.146953855999996	
GO:0006423 (100%)	149.720838318	100.84813893800002	210.83785903800003	72.481190515	46.515777801000006	37.280984818	64.79710191800001	51.128306825	915.8378752689999	42.826137295	23.366047782	46.03176900000002	
GO:0006424 (100%)	607.9947918070001	383.93855888800005	585.194426049	241.46169400799997	166.90718916900002	513.1419770800001	285.68106546	249.568019358	459.672292818	150.735508497	292.22629429400007	214.745277743	
GO:0006426 (100%)	33.107525453	22.146116738	50.786022489	9.512893244999999	11.355514234	5.269491964999999	11.801011336	31.351159749	10.487411241	13.935739319999998	5.8771616799999995	9.419432373000001	
GO:0006427 (100%)	140.407893197	162.597002028	262.944675043	33.138896566999996	21.492133159999998	31.736763748999994	42.932928642	44.009924215000005	51.751419153	24.694192576999992	20.21657473	30.300246651	
GO:0006428 (100%)	278.48341841800004	329.42481017600005	259.7220574539999	157.82148628099995	97.28740143800002	56.283472456	71.557274121	66.45691770299999	48.462725357	74.415560445	66.44879298999999	97.434827173	
GO:0006429 (100%)	253.064523533	385.31097216499995	520.372558224	120.86828064900001	59.820464651	41.364805676	22.222288932	46.10400071	65.35528522400001	60.968678312	55.501464631999994	141.10288126499998	
GO:0006430 (100%)	141.567343043	262.700454253	184.83030716400003	46.534720781	56.264857340999995	71.38007601900001	43.72829603900001	42.89414723000001	30.759496130999995	65.72916480399998	37.864539222000005	76.13644998899998	
GO:0006431 (100%)	705.9442786090001	641.633512794	678.0529293359998	164.915735815	84.82264855199999	84.12036532700003	119.72677794999998	64.30730777499998	80.38697089200002	87.61509018199999	118.07455596199999	141.762122955	
GO:0006432 (100%)	207.19835992499995	376.6907170199999	473.357842018	86.945593802	85.903885827	73.989098221	180.67594564700002	278.41137606200004	102.837189591	142.02163464999998	119.28992533900004	90.40184794300002	
GO:0006433 (100%)	339.841708693	319.59469794600005	357.715789071	60.17159299299998	197.368913468	38.936703161	17.719487667999996	19.18129165	141.409266566	56.99254794899999	33.703411229	44.08408902	
GO:0006434 (100%);GO:0097056 (100%)	99.120536354	102.669767859	156.270918574	33.564845532999996	23.082836124	70.38845212300001	29.456115080000004	73.747052212	14.731215778000001	15.724112277	26.86684053	25.447609512	
GO:0006435 (100%)	688.4330504090001	718.342803348	752.4460580540001	238.23248875500002	226.14097848400002	256.95652644800003	131.467449361	177.84192291300002	99.369059878	354.85626878599993	151.27727356500003	156.77041729399997	
GO:0006436 (100%)	178.67446436399996	126.975718229	346.58434663200006	75.15609533199999	70.94044622099999	40.139499995	101.41405911499999	28.132615148	63.388116331000006	76.01502082799999	82.14757583700002	89.12093744099998	
GO:0006437 (100%)	51.815863226000005	99.712589618	141.18481011600002	27.574612562	27.586707187	20.322833855000003	36.670269432	23.019079986999998	21.516353235	32.49486869	33.364041529000005	35.446817318	
GO:0006438 (100%)	368.7663479760001	623.3889461790001	734.2852981940001	323.98583648199997	281.092120425	315.54040301000003	169.199696749	138.75769569999997	164.74883360299998	190.80482494500004	294.21681343399996	126.97701261499998	
GO:0006450 (100%)	19.000251213	25.515370368	21.72912675	4.167115002	8.053063737999999	6.506383888	6.0456246600000005	6.017378659	1.9137776770000001	13.159392874	7.5549723570000005	8.821493625999999	
GO:0006457 (100%)	1053.0713464169999	1307.6461118769998	1310.2286179720002	334.3940763679999	294.83372921599994	453.1138706160001	507.9254661630002	676.8274794509996	207.06940605400004	372.5769080809998	183.75317404699993	430.43693070199976	
GO:0006457 (100%);GO:0009408 (100%);GO:0006260 (100%)	4.487975915999999	6.246075443	8.959770385	1.594659523	3.3606912490000003	1.082675043	0.75718336	2.209554805	0.9319288929999999	1.2792229210000001	0.454853344	2.8671599690000003	
GO:0006457 (100%);GO:0015031 (100%)	920.866668771	578.5435823770001	1535.084218586	169.12665626799998	82.03166831300001	148.81860166699997	178.74028201600004	113.80366662700001	171.96567527300002	89.33460637000002	71.00431694600002	141.86166495100002	
GO:0006464 (100%)	20.962692297000004	48.41077620800001	56.25032993600001	61.638989816000006	62.32037446900001	54.379488980999994	78.56189108000001	81.69766206199998	72.373026568	129.55048624999998	136.936423049	58.51427014200001	
GO:0006474 (100%)	28.409796717	6.817555704	15.603127738	2.677584676	4.639688209	6.3162680589999995	13.846879593	4.18027	2.316449536	4.2338245809999995	9.877799328	7.517680909999999	
GO:0006520 (100%)	2097.205885474	2171.0492603509992	1991.752321217	302.27600102300005	305.568983162	391.44373152299994	514.0649087290001	516.524938246	167.82103817200002	179.686921836	129.477691792	520.744695871	
GO:0006523 (100%);GO:0015940 (100%)	7.231880508	3.144621907	6.898379138	2.029087317	1.339757107	0.096374403	0.535221811	1.932286637	0.287630997	1.7538994739999998	4.554295745	2.147903788	
GO:0006525 (100%)	103.083762571	53.93433785500001	151.527295289	38.250740766999996	65.130404619	78.704631112	73.823204955	31.952885192999997	24.150204756999997	81.549602819	35.399464919	59.313292809000004	
GO:0006526 (100%);GO:0051259 (100%);GO:0006351 (100%)	24.85242797	75.51297576400002	57.40665327800001	25.590236884000003	14.329768945000001	12.926713229999999	17.337537559000005	15.955546648999999	3.131755197	21.519255336	5.584132174	14.078295159999996	
GO:0006529 (50%);GO:0006541 (50%);GO:0033567 (50%)	1.727716539	0	21.22921813	2.449718281	6.057357997	2.787375162	0	0.560464936	0.183967134	0	0	0.854766927
GO:0006535 (100%)	46.459143695	53.371104968000004	68.635173137	36.851870153	68.510132667	35.682193181	15.197218112000002	17.013468867	13.297207196999999	28.790960247	16.261762678	35.851791829	
GO:0006541 (100%);GO:0006177 (100%)	174.67292598400005	147.93504233299998	116.29592538800001	59.874079074	32.722013995999994	55.15567211599999	47.36411330200001	36.125561792	20.607065325	42.325706628	55.35179358699999	44.649200285000006	
GO:0006541 (100%);GO:0006189 (100%)	3.584174907	0.628691729	0.695092405	0.402280182	0.687372337	0.894353664	0.113593262	0.986599427	1.526511869	1.357114016	1.874178883	0.785677616	
GO:0006541 (100%);GO:0006189 (100%);GO:0009116 (100%)	2.4955290420000003	2.203631865	8.059241346	2.34866024	1.435851603	0.98034136	0.067834981	0.71387616	0.7314252659999999	1.471852804	0.282848266	1.040592353	
GO:0006541 (100%);GO:0044210 (100%)	229.80791452299997	345.41356563599993	211.79478256299998	37.049466087999996	28.108906323000003	30.49323637	44.71423039100001	32.284737625	30.35694195	69.184466461	16.502626407	42.745729172999994	
GO:0006541 (50%);GO:0006177 (50%)	40.57841041	15.26798233	40.0124502	7.296226916	5.75557664	52.49287532	4.5947018	33.9851038	6.149044131	52.08495635	85.37813388	222.6026762
GO:0006542 (100%);GO:0009399 (100%)	155.38653459699998	182.76692251299994	346.515519201	78.949276625	66.406814108	94.363165333	99.68884844499999	95.202580218	55.77738407599999	91.51269864700001	51.528950404	97.73794616099998	
GO:0006546 (100%);GO:0009116 (100%)	326.54355725000005	484.67150756699994	829.560693627	169.70005437400005	101.192146053	197.96255114000002	179.14283404399998	112.861718572	40.776101647000004	63.343180922999984	35.307827378	106.15701146300002	
GO:0006557 (100%);GO:0008295 (100%)	15.052124119	23.64826409	20.657344274000003	0.66278349	1.903664499	1.5357864330000002	1.1337836460000001	0.718735103	1.3691171309999999	2.7966832999999998	2.055087116	0.977619477	
GO:0006596 (100%)	501.563223934	460.24515048000006	435.8244752240001	138.30207320500003	179.26968577	131.774111706	251.964898063	74.39459700300002	83.27117300400002	228.980322449	234.900528235	127.85755822499999	
GO:0006596 (50%)	0	0.881950965	1.217688558	0	0.509378488	0	0	0	0	0.339335676	0	0.434365291
GO:0006605 (100%);GO:0065002 (100%);GO:0017038 (100%)	28.830263619	57.809773826	150.25366724600002	29.133410852	19.603504752000003	12.222964858	12.841086659	12.900723374000002	17.346323924999997	31.404504651	12.299860610999998	21.599272422000002	
GO:0006605 (100%);GO:0065002 (100%);GO:0043952 (100%)	71.047478829	96.383198826	113.561787937	17.358929669000002	16.500369008	14.083287616	11.214045644	6.640443627	19.168617456	11.817187686999999	7.339833789	8.059492984	
GO:0006614 (100%)	26.6221526	68.73573277099999	73.79187906199999	41.82156925299999	21.317273323999995	9.248512608999999	14.624008054000004	9.367592318999998	7.690384802999999	54.066898644	10.974513034	42.031394512000006	
GO:0006614 (100%);GO:0051301 (100%)	51.904496853999994	155.188983067	224.925420649	41.225432234	90.507129939	179.46113238499998	52.312723506000005	120.169891116	65.512040728	124.02759483099999	221.21129869199999	36.5397866	
GO:0006629 (100%)	205.42120043499997	22.060374693	38.982965931	44.4523325	140.450686445	99.02321142799997	27.212260676	64.28349216	22.036957005999998	78.50372087400001	14.359540356999998	25.971663964000005	
GO:0006633 (100%)	1319.541842782	1464.9717460249997	1190.2272689989995	283.2984804220001	256.7810159470001	285.16664341800004	341.76020956699995	431.73086945599994	147.48434948099998	235.78022084199995	85.52824634600003	314.28158060199996	
GO:0006633 (100%);GO:0008654 (100%)	5.6222562609999995	8.650543015	23.316642112	3.7015665840000005	6.459679223	2.2133713889999997	7.820180856	10.275125019	2.7301964020000002	6.969968809	3.663186347	1843.7502330000002	
GO:0006662 (100%);GO:0045454 (100%)	199.762351788	288.354234495	454.54912943399995	76.276972858	82.72761848600001	74.46907235500001	126.533718526	60.023495751999995	101.572441051	149.21685967	88.226110147	84.670345604	
GO:0006725 (100%)	32.768105313	62.245392523999996	61.02737364000001	26.422789982000005	54.494179058	36.666781834	31.585773928	36.773549706	34.534275108	76.02869839	100.185454525	33.537365403	
GO:0006730 (100%)	243.54035150899998	352.94763369500004	525.2654239729999	115.07071672700002	55.12518026100001	71.491175476	91.910613938	70.93196955	52.15782363700001	55.736083877	23.718483861000003	95.931147471	
GO:0006730 (100%);GO:0006556 (100%)	573.6916604359999	596.888558093	820.135349911	103.957001496	57.438214988999995	63.39482745	68.954139903	54.054908146999985	32.955825669	58.356411156	22.445493964	49.80212155	
GO:0006741 (100%)	0	0.474106515	1.084081563	0	0.534630664	1.55913158	0	0.182196499	1.863834968	0.373318362	0.521052229	0.655586636
GO:0006741 (100%);GO:0019674 (100%)	3.222879279	15.733327683999999	21.822976469000004	3.5722973070000004	4.594733647	10.463827013000001	5.578597812	4.142573613	6.845500329	7.288839889	157.758471385	10.147912598	
GO:0006747 (100%);GO:0009231 (100%);GO:0009398 (100%)	20.893462605	18.608790868	35.427476873	14.426812841	42.460793306	16.66466636	9.953714107	14.378214731	8.115051157	46.524953530000005	13.047253272999999	27.968269683000003	
GO:0006747 (100%);GO:0009398 (100%);GO:0009231 (100%)	7.362731149	4.614040192999999	11.763160129000001	3.309088312	6.856221946	3.5985507250000004	62.402053704000004	3.3741277650000003	7.582957759	4.532500896	2.993497754	6.868178747	
GO:0006754 (100%);GO:0006811 (100%)	40.404028731000004	36.05289332	24.470542653000003	15.343225077999998	12.391397720000002	18.47440808	18.58726624	10.748187625	38.846062062999984	12.677719861000002	27.353809512	14.023356846999999	
GO:0006754 (100%);GO:1902600 (100%)	324.21702360800003	233.75243520100003	542.1164989529998	86.61335232900001	47.927782479	124.60413965200001	73.15225073699999	37.049384505999996	37.35289765499999	41.36025616700002	30.153663718000004	44.474618846999995	
GO:0006772 (100%);GO:0009229 (100%)	0.697780699	0.399029346	0.010310715	0	0.042870546	0.025806117	0	0	0.184498087	0.079319423	0.018279535	0	
GO:0006777 (100%)	14.597512679000001	11.762950477000004	21.229164641999997	9.095525841999999	12.9410354	21.036236125999995	32.666563822	18.472713003	16.279516512	27.875181896	81.213246362	21.761316408999996	
GO:0006807 (100%)	76.639755176	70.791158045	78.180023072	54.75396727	93.9332292	75.22974610700001	49.406152461000005	54.52646366900001	44.38837847699999	85.59897754700002	65.550245028	65.85545062099999	
GO:0006813 (100%)	189.05062895499998	59.834216466	30.613415441	12.891917324999998	16.856568684	13.006670009999999	31.32364433	299.34375813300005	19.392898326	16.806489617	21.739291044999998	76.96497906999998	
GO:0006814 (100%)	4.306528488	10.779698883	11.875000073	1.719954042	2.470495278	2.209420864	2.565953265	4.430591638	6.6967965949999995	4.518031791	8.434611685	6.005629035	
GO:0006814 (100%);GO:1902600 (100%)	0	0.755247787	0.476769208	0.086994913	0	0.020645125	0.010724037	0.147459334	0	0.008721991	0	0.12494306399999999	
GO:0006826 (100%);GO:0006879 (100%)	53.674464642000004	43.021754723	31.01136705	5.501829785	10.446030892	11.719285927	7.195649448	10.517676058000001	3.8104714570000002	8.98899403	20.148836125000003	6.583079080999999	
GO:0006879 (100%)	165.498812017	167.57881036	138.41374730500002	31.507080211	25.580048515	50.98403732599999	39.341591197	36.694226435000004	31.588279569	39.771617028	24.584885689	48.190620943999996	
GO:0006879 (100%);GO:0006826 (100%)	7.106325683000001	15.996203945	13.088596369	2.379125378	3.239879352	4.65221108	2.832596149	1.155749718	9.093684703000001	3.3646675919999995	1.598328677	6.07606644	
GO:0006935 (100%)	6.092216544	13.31813948	9.843049787	1.7986661469999998	1.809792529	0.423308355	0.975636886	3.6632576759999997	1.506134198	2.276274456	1.347564497	2.982579723	
GO:0007049 (100%);GO:0051301 (100%);GO:0032955 (100%)	3.8170951310000003	4.638063509	7.035438149	2.40005164	19.775082168	1.401099095	1.884055705	1.1679868409999998	1.957235297	53.469127239	44.83861384	2.6423336719999995	
GO:0007049 (100%);GO:0051301 (100%);GO:0071555 (100%)	3.745576081	25.726187811000003	29.323008649	11.367277772000001	11.84944304	5.860737051000001	26.980233626	15.853691742000002	12.176902824999999	19.040939779000002	5.562023554	32.091984266999994	
GO:0007165 (100%)	77.24608684200001	154.65222908799998	193.28243769199997	23.422489166	20.900163312999997	15.654170021999999	14.54006737	11.827812516999998	14.642342941999997	14.025841224999997	12.685092085	24.994928914	
GO:0007165 (100%);GO:0006935 (100%)	1.091899247	2.902561938	6.490164091	2.112941148	2.50020534	0.546647681	3.419343084	0.733197581	0.514132595	6.972293467	3.269173849	1.122163062
GO:0008033 (100%)	66.944908489	84.80287390300002	109.82678050700001	56.629216283000005	216.90541602700006	124.76092104199999	147.041292958	321.61173249700005	63.201314271	93.942606352	75.784835181	141.49034178500008	
GO:0008152 (100%)	5780.660753379999	7671.964848698998	9907.66571197099	1765.590234342	1466.8098750880004	1689.8731811999992	1586.6914308249998	1237.3002320040005	1110.0481224360003	1556.8763841399996	909.3564034959998	1867.2335052750009	
GO:0008295 (100%)	145.31056068799998	98.839853778	263.556741453	45.88152265	44.311093327	52.34174998499999	57.951503698	61.013248703	39.574149176000006	84.83500751999998	38.335581399000006	85.89900363099999	
GO:0008360 (100%);GO:0007049 (100%);GO:0051301 (100%)	267.064209304	280.334567135	281.96876782000004	107.85811519099997	104.18051274999995	107.02557507499998	99.64305364499998	130.04385212999998	92.03232659300001	135.17989950999998	60.03744621500002	107.321256858	
GO:0008360 (100%);GO:0046677 (100%);GO:0071555 (100%)	11.86082927	7.029607144	3.822332585	0.9526776539999999	1.962386789	1.415553168	2.89142575	4.090236775	2.461518388	2.040341061	3.5936270830000003	1.989501689	
GO:0008360 (100%);GO:0071555 (100%);GO:0000902 (100%)	443.66444133	245.527112163	292.452874866	62.43346473500001	34.47695523299999	58.021006403	89.446000334	48.95311933200001	46.927066364999995	33.509139602	26.455261748000005	53.568830770999995	
GO:0008360 (100%);GO:0071555 (100%);GO:0009252 (100%)	50.829071489	112.17037528499998	155.64562072600003	56.629153095999996	159.49994344100003	112.836349425	58.912978036	46.78735526899999	34.37165485	67.11949505199999	71.28590179300001	48.413345678	
GO:0008616 (100%)	12.720628807	8.560191321	23.740834982	10.625421386	5.9947443289999995	2.633382793	9.422470164	4.129054631000001	6.459708922999999	8.701763964000001	6.796272895	2.734241758	
GO:0008616 (100%);GO:0101030 (100%)	1.177737267	1.766490182	2.115789437	0.93037379	1.821003733	0.782941569	0.657384909	0.483104883	4.381296471	0.405638643	1.866474108	0.711051961
GO:0008652 (100%)	1.398830417	0.136893088	1.19538056	0.071994081	0.329066033	0	1.795984765	1.357471421	1.479279755	1.492133007	1.09502841	0.859917252	
GO:0008654 (100%)	1.670395641	0.248018937	0.003870363	0.003930868	0.147665029	0.624627674	0.125486857	0.215254784	0.292914178	0.29359142	1.387803465	0.108281024	
GO:0009058 (100%)	4728.371357037999	5185.611457032999	5200.869124324998	1316.1653617919992	1583.9073363170005	1185.373733864	1724.6150992359999	2180.8519402019992	685.876177966	893.0271721550004	895.2023138139999	1701.29214657	
GO:0009072 (100%)	127.97825658600001	181.19081821799998	327.84425451299995	40.155196954	25.488200494	34.438271543999996	44.34052706599999	28.289426986000002	12.545450618	34.05208433600001	20.507420792	63.645049326000006	
GO:0009102 (100%)	2632.730418232001	3065.146758011001	2763.3230920109995	821.1697974760001	1218.354776012	1070.693424958	1330.7180294189998	2054.6034962739996	544.2109304259998	604.995017887	447.049319079	1110.043870457	
GO:0009116 (100%)	212.532014361	461.04121389200003	568.343717419	73.48541001400002	128.290432326	135.57411369500002	58.36276919099999	53.42224093699999	27.140446295999993	88.289140485	48.918844428999996	94.10060421399999	
GO:0009117 (100%);GO:0009146 (100%)	103.299364595	30.575424189	37.217352275	12.807953247999999	64.277151364	39.575891523	21.130439338000002	27.175034109	22.485883629	28.600675138000003	51.601430353999994	36.126287557999994	
GO:0009166 (100%)	130.623056395	393.06872678499985	354.7989323250001	162.62037289299997	134.74345545999998	54.59063849900001	211.853836993	68.89387033000001	652.8079766009998	487.29454515299994	142.02191453399996	220.82324720899996	
GO:0009236 (100%)	17.795429778	11.122624892000001	13.304580286	2.114844184	3.514927234	5.715733425000001	3.7902165009999997	1.582309271	12.606494839000002	2.596648194	7.389621378999999	5.649382837999999	
GO:0009236 (100%);GO:0006189 (100%)	26.86120425	32.678115561	32.124022746	9.458941743	24.010815416	36.258352837	15.006093501999999	12.357612529	10.217651251	27.429522271999996	34.977764834	11.911575431000001	
GO:0009249 (100%)	25.181271664000004	52.815548545	59.99330438300001	296.549752478	68.045889938	60.215406318999996	36.182140928	57.57461875599999	41.073439049	32.588790292	37.758064909	36.2571579	
GO:0009252 (100%)	3.7119489029999997	10.874577394	6.153589778	4.296294034000001	1.36635149	2.143645685	1.3307205830000002	2.287953783	13.495432173	4.719359683	10.816721701	53.831643623	
GO:0009264 (100%);GO:0006015 (100%);GO:0043094 (100%)	131.830359362	160.353230782	121.75116719399999	44.730743255	33.581746253999995	47.893612183	59.596288197999996	55.759656725999996	11.324834153000001	19.135305390000003	15.133914932000001	22.305638967999997	
GO:0009264 (100%);GO:0046386 (100%)	285.471122743	240.88552908100002	128.893476012	20.202433801999998	31.777145266999998	38.112909492	39.315445389	27.958263148	22.662181177000004	27.785152091	28.326460375999996	23.672580656	
GO:0009267 (100%)	71.215036095	41.592570078	48.727188827000006	25.500335286	18.238157302999998	16.583815676	27.175738804	13.085707089	10.128633052000001	21.813577288	17.734938541000002	26.415880435000002	
GO:0009294 (100%)	0	0	0	0	0	0.180890563	2.00082403	4.215359862	0.087885084	0.0566209	0.051052033	0.826930244
GO:0009306 (100%)	6.488567284	38.417945577000005	55.218857005000004	3.5018566279999996	5.100984839	6.574079992	59.158537741	6.8285003269999995	3.528047425	10.764106875	10.254850743999999	4.314043985	
GO:0009307 (100%)	1.298642424	4.051136072	10.46097025	7.313632463	9.718327991	8.304810097	4.759210479	1.497080625	5.214543142	9.315354801	6.571580007	9.931143964
GO:0009396 (100%)	52.29663059	60.427239346	47.786349391	75.141225901	85.75029980999999	63.884942168	120.76021482799999	139.71001817199996	55.65772089	52.69506562299999	30.082751378999998	47.545122512999995	
GO:0009401 (100%)	1065.6182000860001	1085.6130222159998	956.9218093109996	275.261074622	292.404198406	339.29152385	349.2796820690001	253.8660656570001	320.8606532250001	348.7752174340002	259.659245569	466.98164737399986	
GO:0009432 (100%);GO:0006281 (100%);GO:0006260 (100%)	5.048158770000001	6.139260726	13.144847022	4.003159131	9.203195400000002	0.682202494	5.378053090000001	5.261541815	3.359736176	27.654288450000003	66.34886387899999	13.702126144000001	
GO:0009432 (100%);GO:0006289 (100%)	21.126663763	48.317140409	52.222793409000005	24.996043270999998	23.263170103999997	32.697628243000004	16.635005529	19.634854044	34.456518396999996	30.800443314999995	32.013058063	18.237564786	
GO:0009432 (100%);GO:0006310 (100%);GO:0006281 (100%)	131.71736777400002	177.991522471	131.40282605299998	34.280299279999994	45.198570192	57.563517395000005	59.98833128000001	37.331637210000004	56.99717932600001	40.026356359999994	53.682445611	45.596719608000015	
GO:0009432 (100%);GO:0006351 (100%);GO:0006281 (100%)	0.125219185	1.315969627	0.470985897	0.274634432	0.514312124	0.162525395	0.716560206	0	0.051464746	0.120460283	0	0.209062959	
GO:0009435 (100%)	275.07175289099996	325.27290673300007	274.48929645699997	67.534287878	84.662586904	54.36299782200001	47.44976447400001	73.579270587	268.778992283	63.28021044499998	70.134439289	109.74995479500004	
GO:0010133 (100%)	318.571816211	406.16912365999997	267.131948988	54.71251928899999	44.51447030899999	62.433527643	77.28392793000002	54.44042394699999	59.84950865000001	61.615268019000005	27.744916133	147.442589087	
GO:0015031 (100%)	90.37944753	66.73721442000002	132.297034643	23.062437885	12.981303048999997	12.163421665999998	23.649736098	17.322583146	26.553167478999995	17.449232904000002	20.837410454	26.340251723	
GO:0015074 (100%);GO:0006310 (100%)	1.078400686	2.874716531	24.687910933999998	11.159421126	4.347273683	8.325845648	3.6270000369999997	6.057802241	1.176768958	44.83216936699999	3.447448595	8.748286157999999	
GO:0015628 (100%)	8.443222364	4.095049708	2.928726629	2.903085939	1.968786824	6.447638069	6.525442569	7.150739527000001	8.654582608	6.361516269	19.634055138	8.509161238999999	
GO:0015833 (100%)	346.04440824700004	263.69052451199997	509.4875366780001	84.332528997	96.62362438999999	78.003470261	126.77147630600004	69.242514645	41.136762497999996	154.854399953	63.03983841	99.22962850599998	
GO:0015888 (100%)	0.731743821	0	0	0	0	0.026327512	0	0.1084556	0	0	0.198239281	0
GO:0015937 (100%)	85.22881443	89.59557003499998	37.20562347800001	42.420591712000004	54.804265259	59.83737977100001	45.221835124	46.016283898	36.288975089000004	98.402556245	72.541797243	64.795855885	
GO:0015937 (100%);GO:0015941 (100%)	3.727641487	4.765752267	3.390072511	1.109893051	0.316502275	0.013515849	0.881165412	0.58608691	0.042904074	1.9046578170000001	2.151103833	1.540057008	
GO:0015940 (100%)	77.14353703099998	119.44902599999999	177.15758376800002	36.49190761399999	103.967099731	54.136266283999994	37.525416893	42.758583238	43.033249346000005	57.39153448800001	29.211404669999997	80.62441815	
GO:0015941 (100%);GO:0015937 (100%)	57.600408558	99.386198944	70.10851622899999	15.564385964	11.971155430000001	33.508434561	37.121199923000006	22.102549644	24.883803511	12.431664577	12.660320936999998	15.967461029000003	
GO:0015969 (100%)	1.343095494	14.22615739	18.654183753999995	46.534123826	42.390072618999994	29.432641408000002	133.50625217799998	54.411287128	10.793059021999998	38.239982901999994	48.319295484	41.46228793299999	
GO:0015986 (100%)	74.65843417	57.78609776099999	89.92561765100001	355.602200268	42.64531028000001	15.481398023999999	34.072013091	59.946522571	45.273988547	50.217927918	36.086451016	34.685207993	
GO:0015991 (100%)	6.520715849	7.674720878	7.331502539	3.063421072	1.9261150919999999	2.654706584	2.3466040130000003	24.324672294	5.7680335970000005	3.7960040919999996	1.85287161	0.8705528419999999	
GO:0016042 (100%)	12.165575926	74.19122206599998	42.055485033	7.417686100999999	13.230676219	22.115031786	8.232696141	14.301319119999999	10.898414149999997	11.704730039000001	14.074341302000002	9.482487248000002	
GO:0016114 (100%);GO:0009228 (100%);GO:0052865 (100%)	2.8132005700000002	21.943471853	23.851382532	64.397522547	22.70209816	4.255294220000001	8.044178536999999	6.142922646000001	13.119411346	17.859679833999998	20.821843810000004	18.631132836000003	
GO:0016114 (100%);GO:0019288 (100%)	55.17900363300001	82.986287684	128.71542484500003	45.505843243	52.30542962499999	44.058418625	47.628206033	25.581014524000008	130.86717485	45.962148778	61.586808350999995	55.29356235400002	
GO:0016226 (100%)	46.687531326	28.975547431	12.831796251000002	14.526480802999998	13.849960836	7.181233617999999	6.334411287000001	8.054797948	8.279972032	9.449784886	13.452756362999999	10.049519481	
GO:0016260 (100%)	11.651750461000002	13.214757936	22.144314124000005	22.152454039	8.95609153	4.686609230999999	4.065969733999999	2.7073419899999998	0.7691070200000001	14.342359455	7.903217956	18.707930211	
GO:0018339 (100%);GO:0006400 (100%)	4.572082707	3.789731107	15.964316343	3.309093262	15.637886143000001	0.838612468	16.936650823	1.777685487	3.341396979	1.090294014	19.561052688	0.6529383209999999	
GO:0019242 (100%)	0	2.542766962	0.837307007	0.007050868	1.107059042	0	0	0	0	1.391102356	0	0
GO:0019264 (100%);GO:0035999 (100%)	130.091461033	318.17727299600006	774.7295020219999	112.27766703100001	79.36828816299999	67.109956632	88.804943453	94.669975565	38.226988089	45.764308571000015	25.915545880000003	63.675521704	
GO:0019288 (100%);GO:0016114 (100%)	3.506327139	5.9305615309999995	6.057935101000001	7.643886424000001	1.9165664770000002	6.998547663	2.71737277	2.8763662549999998	2.605501635	7.31114082	2.953190821	3.394940382	
GO:0019303 (100%)	0.29319521400000004	9.181025915	6.915141675000001	3.583637044	2.837387975	2.2865232559999997	1.5107072369999999	2.2045317740000003	6.2223771459999995	4.02074888	3.506267875	4.812717226	
GO:0019303 (100%);GO:2001059 (100%);GO:0005988 (100%)	1.306482639	0.589574695	1.752492591	0	1.16630992	0	0.976941549	0	0	1.138389869	0.453713897	0.615540753	
GO:0019430 (100%)	1040.8558607639998	809.4504434410002	1999.177074352	356.142515496	929.3267431959998	382.67105933600004	507.05913226499996	374.611643699	183.24514655000002	717.567465375	415.9213487239999	769.8573326699998	
GO:0019430 (50%)	12.152866426	53.893348732999996	160.398008122	18.313751995	34.865254582	1.728652142	14.821043875	10.227866449	12.693148086	36.263655892	12.610731476	32.323809456	
GO:0019441 (100%)	0.940531128	0.942634049	1.364407058	2.714762545	0.780171681	2.307266109	3.862041763	2.86174823	0.048486477	2.984780507	0.055308475	0.61856903
GO:0019464 (100%)	2012.2468983069994	1472.1025225479996	1798.004726475	737.44890683	939.0466144669998	653.540050317	989.2406421519999	562.8272250690001	525.99488933	762.9444372929996	950.883414529	675.647614467	
GO:0019509 (100%);GO:0019284 (100%)	62.82700226199999	63.09859205800001	52.587985012000004	28.274487043000004	37.79236671500001	17.818317986	23.699271492	18.381795408000002	24.644840440000003	22.105127399000004	19.042318915	22.515774511000004	
GO:0019538 (100%)	352.638512926	629.2323300979995	745.6210108620002	199.29138486000005	250.75396257399998	288.71903980799993	239.56715230999998	195.66454575799995	233.20276063600014	314.1574235970001	94.36453365700001	248.81298867700008	
GO:0019556 (100%);GO:0019557 (100%)	89.048999364	251.26472712399996	183.13799563599997	31.027353229	19.757344978999996	17.987997261000004	23.329122747000007	17.719671513999998	18.433696148	24.329207380000003	15.87138053	41.94461315	
GO:0019557 (100%);GO:0019556 (100%)	203.17415516	285.03975876100003	198.413660604	54.916876957999996	46.011937559	36.75263106999999	36.539493832	42.508964371	72.72298200300001	52.89742106800001	27.039797591000003	82.508872235	
GO:0019563 (100%);GO:0006072 (100%)	62.629097691	37.869072183	83.41014314	22.239998254000003	20.938874708	20.910949408	19.311452098	21.032593135	6.801025673	24.372712044	12.760026923	39.583405038	
GO:0019605 (100%)	1960.435520874	1259.352269001	3291.841123479	961.978504926	1625.0489799979998	892.9612525310001	2070.120813514	957.4646673000001	903.2375912300001	3175.2074153960007	1329.4542450229999	1216.240641091	
GO:0019674 (100%);GO:0006741 (100%)	0	2.013666652	1.39366819	0.225477006	1.831041091	0.289747734	0.843426498	0.142433344	0.058865093	1.558781815	0.281250874	1.795882249	
GO:0019856 (100%);GO:0044205 (100%)	5.032576842	4.86076873	11.082655571	5.42427912	5.074875802999999	2.6124927660000004	6.440532314	7.209418471000001	2.748396655	4.729623868	4.875890524	5.9583632909999995	
GO:0019932 (100%)	9.643434684	9.811167491999997	11.155932936	3.8558092	3.601817585	2.9424374340000004	12.28077729	6.286366286	3.016275454	5.2411833880000005	5.228875319	21.922325662	
GO:0030001 (100%)	0	0.424715373	0.264556164	0.057012579	0.053722278	0.074838975	0.027102651	0.22571098	0.07259445	0.132153151	0.172916155	0.086606798
GO:0030163 (100%)	164.284490989	404.69091757900003	471.7191934910001	69.950366684	66.57775867299999	64.315541412	62.577604573999984	104.57501896399998	78.86050664300001	82.52621344300003	85.160676515	82.13100337200002	
GO:0030259 (100%);GO:0005975 (100%)	0.233270886	3.881848965	3.262969391	0.194143907	1.1317096389999999	0.334650346	0.6552535150000001	1.6304228310000002	0.180078069	1.954244143	0.310191799	2.595471462	
GO:0030261 (100%)	447.07574235	1145.404545236	1118.8769843500002	459.302069772	611.015378958	556.316334347	553.635818952	267.925753462	308.88265213000005	598.6870686090001	450.171569143	386.69388594000003	
GO:0030388 (100%);GO:0006096 (100%)	1040.4975487310003	1580.865124184	2234.934941312	258.8428376300001	628.3667537890001	455.95250210499995	283.96524328	238.92626342400004	109.073600292	419.0463160129999	189.13263472300002	517.482368252	
GO:0030632 (100%)	12.556107366	12.165694827	13.46089549	2.369544446	5.290996925	11.412944747000001	1.069609405	4.058666887999999	9.755664744	6.748742484	3.613404967	5.813745453999999	
GO:0030643 (100%);GO:0045936 (100%)	66.55742321	67.68504993100001	65.958702262	20.523347350999998	33.922370671	28.204320725	38.745763467	41.325167451000006	142.87563277899997	40.012454793	16.965738633	75.786940435	
GO:0030643 (100%);GO:0045936 (100%);GO:0006817 (100%)	61.465983679999994	77.911803394	144.35612531	39.38247819200001	73.401819241	36.324213259	65.194531966	41.753939265	27.234725464999997	56.12334950500001	39.566776157	22.096672504999997	
GO:0031167 (100%)	0.686651372	0.465075456	1.276783328	0.557131407	0.6454415840000001	8.811725231	1.401252188	1.341900936	0.886557114	1.818825381	0.837529407	0.726590218	
GO:0031388 (100%)	18.444558668	16.363667382	10.325405328999999	1.592615955	7.888233146999999	11.691955749	13.697110598	10.633119079	33.271484325	7.942530180999999	7.318694195	12.726456703	
GO:0031564 (100%);GO:0006353 (100%)	134.67676589200002	155.78353420899998	148.40008054	60.037153208	90.874591144	84.192970326	85.63941367799998	50.866997599	38.519857679999994	137.11867613100003	129.146101455	66.227583164	
GO:0031564 (100%);GO:0032784 (100%);GO:0006354 (100%)	69.07913153	102.13799017000001	30.901393015000007	52.073314976000006	361.851000573	76.12243280099999	28.871816207	93.317230646	30.477778806999996	33.628017177000004	44.114526725000005	22.498706879999997	
GO:0032264 (100%);GO:0006166 (100%)	37.235930967	40.098805706	21.095804326	26.475655548	9.608151608	1.645683671	17.916133827	14.586570765	21.042651313	14.367815238	9.111877419999999	16.058625939	
GO:0032324 (100%)	39.44691826099999	102.72424588800001	107.59706603400004	52.762578799	47.831691498	34.696513264000004	22.345811576	18.400358908000005	45.529943827	33.01212624499999	134.16316859899996	77.35494994400003	
GO:0032784 (100%);GO:0006351 (100%)	409.62617473699993	154.17539188000003	79.88263651300001	103.46870628299999	32.64026667499999	28.858284263	49.338925047	63.185248191000014	118.311353755	35.06696051000001	28.100821409	50.343065384000006	
GO:0032955 (100%);GO:0007049 (100%);GO:0051301 (100%)	3.979386186	6.172070183	22.814162234	0.8257713489999999	47.070228743	3.945650842	2.7443137550000003	1.222016788	5.332318767	2.377404288	7.628876912999999	3.635689543	
GO:0033499 (100%)	0	2.273701477	4.769450889	0.8943753830000001	1.220282534	0.956192292	1.369682805	3.327664188	0.968837972	1.3180093830000001	0.219114201	0.837652537	
GO:0033567 (100%)	53.22691160099999	61.441652346999994	54.82952838299999	24.520934288000003	52.77055149299999	27.397656057	50.404096614	78.42214286800001	18.521675789999996	29.528090051	40.286245959	26.325234552999998	
GO:0034220 (100%)	1.492100865	1.655111416	3.5843574240000002	5.745001699	2.005355454	1.896245735	9.818018552	47.359772923	1.338050835	4.984960034	6.600603094	22.070255877	
GO:0035435 (100%)	0.5516635679999999	0.38291158000000003	0.326156906	0.305767791	0.309365472	0.283805383	0.646441204	0.15855335	0.22531975299999998	1.191194475	0.46281487699999996	0.7193271320000001	
GO:0035998 (100%)	16.447883619000002	33.67069139899999	45.252854608	17.274709866000002	9.275361019	22.802251042	15.487095075	6.294458607	7.657607428	10.074233177	9.47004036	12.095942130999997	
GO:0035999 (100%)	673.040132993	829.160714053	544.4801985149999	127.57209276699999	69.683415712	152.24124764299998	114.173946232	75.73870439099998	59.34465501099999	80.29719856800001	26.057404847	126.370574541	
GO:0035999 (100%);GO:0006164 (100%);GO:0000105 (100%)	23.860189896	69.588917746	70.635591518	18.625819639	44.485195406	68.630873013	23.024527779	45.650932876	115.58401161499998	48.399379912	28.143320595000002	21.960860041000004	
GO:0035999 (100%);GO:0006555 (100%)	0	0.235100428	0.391615431	0	0.866518612	0	0.724851648	0	0	1.05536841	0.384423965	0.481241603
GO:0035999 (100%);GO:0019264 (100%)	1490.094697021	1734.6566941400001	1817.698866317	402.46857783800004	336.485773853	441.18243741799995	438.06932912200006	388.587877905	271.70658582500005	333.338304469	129.316554783	437.572164303	
GO:0042026 (100%)	4473.770316941001	5310.229461542999	3965.0827794609986	658.6385358499999	463.11368372900006	586.4669719939999	334.465619096	235.047404035	452.128940759	590.2289080319998	170.58612232500002	586.5517379080002	
GO:0042026 (50%)	412.21118782	619.1466847700001	518.0294585	22.499999690000003	65.93049202	63.533281592	33.759652078	29.973477174	67.572182976	55.019338635	10.098606412	67.978742558	
GO:0042158 (100%)	1.586812688	0.449939635	0.55424687	0.977072976	0.459589783	0.152493452	0	0.010707865	0.027076763	0.314836832	0.041408279	1.117767438	
GO:0042254 (100%)	736.07848377	366.90588437199995	256.945580197	264.6369638510001	150.245238087	230.68856268	185.142195719	116.07993469399999	75.623534711	244.26000057700006	48.51528667399999	171.47859835500003	
GO:0042256 (100%);GO:0090071 (100%);GO:0017148 (100%)	0	2.020493543	5.806217065999999	0.18173267999999998	0.11844379399999999	0.584321817	0.248026042	0.334594705	1.905290787	0.533290293	0.16438053300000002	0.199765238	
GO:0042274 (100%)	94.91570628800001	64.629995031	161.13474978699998	44.677888134	55.308198065999996	29.183069936999996	72.284553937	33.220611343	21.636031795	89.44630890199998	47.495405862	43.037574578999994	
GO:0042773 (100%)	1719.4121166289997	2349.9523928940002	1928.8950031319998	216.132995155	144.26329846700006	151.23662699400003	116.187901158	119.53573014199999	158.62648888899997	165.947957823	78.61922682399998	260.94634555999994	
GO:0042777 (100%)	483.57433986499996	721.4596345229999	546.5638422070002	85.626374159	55.892259376999995	548.6359755350001	149.570523392	104.17153675100002	53.508585401999994	73.63774125200001	56.605015519999995	73.24093482800001	
GO:0043039 (100%)	41.976448397999995	28.820127405	37.392228102000004	11.196401723000001	30.378676642000006	4.8329348539999994	15.479623546	15.286869036000002	8.428693346000001	15.853526747999998	12.566793138	15.023700036	
GO:0043171 (100%)	87.523986056	100.626457232	73.455619154	17.33518053	24.482224148	22.907224726999996	27.830562571	21.718999257	15.319328938000002	14.610622822	17.832117922000002	24.572873640999997	
GO:0044205 (100%)	0.092623324	1.647514337	1.902543589	6.165877994	0.91229863	4.898909985	0.626974302	1.772143702	0.813414886	0.6305035	1.501677699	1.280123128	
GO:0044205 (100%);GO:0019856 (100%)	0.658888748	2.181356713	5.935405643999999	0.274247334	0.649518685	0.393769146	0.469685877	0.287392878	17.55581877	1.125299429	2.584614706	1.768058269	
GO:0044206 (100%);GO:0006223 (100%)	16.25846261	36.457493745	23.774336712	8.071921882	267.31890212	2.31716555	9.805490544	8.111878663	3.009489048	14.963758817000002	3.010321002	15.262217835	
GO:0044206 (100%);GO:0044211 (100%)	11.608325185999998	7.662096238	13.793188123999998	25.319395787	27.001159985000005	11.85692055	24.596114925000002	2.6312821179999997	24.186097756	18.957757668	12.375893618000001	14.290919093	
GO:0044208 (100%)	281.46746735299996	298.90258683999997	227.26640520500004	61.729961933	67.92031546499999	60.793080032	65.95415197300001	107.56777142999998	39.03601723399999	35.25070409300001	33.991753815	60.099464528999995	
GO:0044208 (100%);GO:0006189 (100%)	5.793300695	15.326484962999999	17.155067478	3.350535347	0.115749246	2.553843542	0.8954988420000001	1.134868225	0.5008851009999999	1.0549860549999999	1.56648195	0.7516034629999999	
GO:0044209 (100%)	51.436601483000004	46.019175301	34.254263421	11.340343735	21.030371165000002	22.376219814000002	13.409994739000002	18.848076422	346.430039225	23.236691876000002	25.012660672000003	21.044475488	
GO:0044210 (100%)	119.037989728	87.18894040400001	81.520584683	13.527141916000001	24.821600055	70.95875804500001	19.755040075999997	16.495338336	36.803051451	22.445770199000002	25.691022599	27.775250235999998	
GO:0044210 (100%);GO:0006541 (100%)	36.905836269999995	71.00296761300001	42.584092083	6.242510461	5.035018893	1.286556139	5.025044395	8.222285968000001	1.304474461	4.763320211	4.796725768	12.85054941	
GO:0044211 (100%);GO:0044206 (100%)	0.003559847	3.5121707690000004	4.205608956	1.347420251	2.400942577	0.787352702	11.871155592000001	2.9361564479999998	0.535102354	1.823823529	0.887432616	1.810550118	
GO:0044237 (100%)	114.922464302	54.786586912000004	42.02005902	35.301317505	54.581319453999996	27.402842589	80.216082847	63.674370962000005	55.84244349699999	73.802953006	36.07662942199998	49.08570843500001	
GO:0044238 (100%);GO:0006417 (100%)	86.31555596	107.57573935999999	86.775740468	69.804729512	54.700393662	38.196564463	78.26629308700001	61.83586166200001	60.76720710400001	83.29904528099999	40.756616107000006	62.68312786999999	
GO:0045226 (100%)	1.226833871	6.710768829	12.243499122	1.670861334	6.785747303000001	16.764769928	4.932993334000001	26.169872683	3.9761625670000003	4.5995498569999995	4.658423193	6.778023819	
GO:0045454 (100%)	1390.648076194	1035.4971263580003	1702.3330524999997	361.690773392	206.982090804	460.85523684400005	537.9079955090002	447.8952154130001	318.3133020589999	351.68575573299995	191.30806744800003	308.2961788559999	
GO:0045454 (100%);GO:0006662 (100%)	43.158067771	77.07230010900001	114.75002061800001	39.62006391599999	24.203955909999998	31.538900421999994	62.790642857	26.484699514000003	35.860731529	59.425767451000006	50.708344839999995	53.93287834499999	
GO:0045727 (100%)	64.61545299500001	23.330024596	22.093498384999997	10.394349902	10.544734328000002	2.95758034	6.375965156999999	7.417329728999999	6.409913238999999	16.287596421000003	15.790054355	20.086961335	
GO:0045892 (100%)	0	0.39223669	0.353657616	0.328050369	0.167984725	0.061687138	0.199864861	0.121500531	0.00433011	0.677088144	0.083376189	0.034766164	
GO:0045892 (100%);GO:0051775 (100%);GO:0006351 (100%)	14.663900107	27.477659658	14.852867853	33.361641792	27.65634969	16.505356954	16.127976138999998	18.735550466	35.615939035000004	30.977793155000004	23.218893421	20.570648081	
GO:0045910 (100%);GO:0006298 (100%)	67.18822693300001	56.920382876	79.072607276	77.47686043799999	121.805906024	31.006681937999996	29.717454373999995	27.020576709999997	22.035867260999996	22.791276165999996	16.652604917999998	36.557457074	
GO:0045936 (100%);GO:0006817 (100%);GO:0030643 (100%)	75.91620855200001	49.24094338399999	50.319515577	20.072885101999997	30.189495821	46.980729207	28.553400258999996	31.669894592000002	34.246687617	48.972760496999996	41.607311571000004	37.860270142	
GO:0045936 (100%);GO:0030643 (100%)	41.638058615999995	46.849338276000005	25.506914451999997	15.332527711	25.230539949	26.202663668	38.769693908	55.690296120999996	11.901571625000003	27.045727613	9.921298209000001	11.241932811	
GO:0046080 (100%)	13.607305405999998	24.444426311999997	31.712645922	18.035550572000002	10.356416783999999	23.158235849000004	16.176723015	16.890147732	7.008084591	21.698707255000002	18.352037272	13.580155943999998	
GO:0046416 (100%)	126.38375113199997	147.447688742	180.04906622099998	82.680348982	85.013322463	86.79701081299999	116.17594178999998	208.299603237	76.835311961	107.15250789400002	57.53420690000001	88.84039115600001	
GO:0046496 (100%)	25.465802447999998	49.106482553999996	48.629910165	19.072340361000002	17.23850538	20.483671011000002	17.642018656	28.078513202000003	17.018479251000002	21.020283279	21.062598242000004	22.283216613	
GO:0046854 (100%)	30.091474281999997	45.464341571000006	55.346893810000005	35.94358360299999	25.523989429	16.823942590999998	42.940348279	31.501137939000003	23.551911168000004	27.723174160999996	11.151232130999999	10.463611948999999	
GO:0046854 (100%);GO:0046855 (100%)	18.785872982	40.877245087	50.797189786	8.782378072	19.284399647	34.489461263	15.490161955000001	19.901949243	13.753596375	25.886639617000004	30.836767568	13.03854367	
GO:0046855 (100%);GO:0046854 (100%)	1.03353884	2.955910662	1.499891734	0.960821752	0.230417728	0	0.150246812	0.034921973	1.159627632	0.014613097	0.143500765	0.093416237	
GO:0046944 (100%)	7.54211793	18.185070975	50.541643696	28.302814317000003	55.059441500999995	30.727161140999996	30.793680027	42.20599791	67.849739222	44.762505532	30.146239337	31.635847925000004	
GO:0050992 (100%);GO:0019288 (100%)	0.917628371	1.371470608	4.346821551	0.551358104	1.092680666	2.171806537	1.999133392	2.0846268329999997	7.458369454	2.141721731	30.682463703	1.5358489549999998	
GO:0051258 (100%);GO:0090529 (100%);GO:0043093 (100%)	258.7632947249999	208.83948811200003	377.53880294500004	260.27169528199994	306.85542999099994	205.509671308	472.2656108340001	170.416066807	244.640986035	562.4020720330001	450.01867498	187.98563660099995	
GO:0051259 (100%);GO:0006526 (100%);GO:0006351 (100%)	56.48238222500001	23.551416672	20.91730291	8.673417037	7.958698691	18.670342895	14.262902705999998	9.996314529	4.2235213929999995	9.272030615	3.977939348	12.292091662	
GO:0051301 (100%)	0	0.485515236	0.591554048	0.023819175	0.043467052	0	0.056328567	0	0.031847012	0	0	0.006215238
GO:0051301 (100%);GO:0006614 (100%)	8.220703526000001	54.93297527	50.845760526999996	9.042320667	92.922994871	21.560874193	523.4496634559999	534.5724722019999	14.182570807000001	1181.0216648110002	11.322031251999999	51.252475346000004	
GO:0051301 (100%);GO:0030163 (100%)	95.63451169	112.17438442299999	76.098359832	16.822164707	14.817084456999998	19.446325539000004	12.025480074999999	25.66930282	13.327447151999998	21.406152877	17.659261483	16.0161863	
GO:0051604 (100%)	125.91181641099996	205.78975939499998	151.203543554	48.394132484	109.60536041799999	126.93020325600001	85.94072155099998	109.716948158	36.199672406000005	156.00937545399998	80.556076841	88.383280513	
GO:0051775 (100%);GO:0006351 (100%);GO:0045892 (100%)	92.985138918	50.09516245	62.17263718900001	42.764492073	30.855470058999998	31.635233194999998	34.81039321	54.110776253	70.257641377	50.210511244	55.448282674	27.635240521	
GO:0052865 (100%);GO:0016114 (100%);GO:0009228 (100%)	0	3.0751033	4.076106824	2.130354208	0.515300492	1.310164603	0.341251878	0.541829047	0.07756313199999999	1.990054415	0.14729226	0.605839003	
GO:0055085 (100%)	454.064627508	439.29721817200004	509.21032278500013	123.009017424	111.82007411800002	177.75718475000002	176.515110513	102.09635317800002	74.06436778999999	137.05152365100002	128.421624576	172.70516652900002	
GO:0055114 (100%)	3.404625313	5.417297545000001	9.482145638	13.616186945	16.036626375	24.254772318000004	9.395159104	12.350797743	10.225439728000001	23.091600596000003	12.418644383	7.139955004999999	
GO:0065002 (100%);GO:0006605 (100%);GO:0043952 (100%)	15.223824821000001	29.44848809	44.521874884	2.4320533609999995	4.710186084	3.3332742480000004	4.259877991	2.8430116649999997	5.35678301	4.082465318	2.059030052	3.398842651	
GO:0065002 (100%);GO:0017038 (100%);GO:0006605 (100%)	1.1631334260000001	30.969648246999995	46.927058793	17.902496813	9.495625090999999	23.543821569	50.48164262200001	93.672597287	6.356819117000001	18.895959325	25.152662628	8.931810572	
GO:0070084 (100%)	8.632119813	17.574537485000004	29.168341394000002	9.737558096	16.799139263	32.947516459	11.123865491	22.735239825000004	27.847298084	20.875748944	24.706254055	7.762946673	
GO:0070981 (100%)	0.149538677	0.05075185	0.037286798	0.07526349	0.629002768	0.061440972	0.270975265	0.078284001	12.53862771	0.579893899	0.216942746	0.018812983
GO:0071555 (100%);GO:0009252 (100%);GO:0008360 (100%)	15.980593787000004	29.702104247	35.995625380999996	12.184347356	68.832724752	37.876113256000004	15.597762951	26.321580006000005	15.658914506	17.123607320999998	18.405449598	16.582460607	
GO:0071555 (100%);GO:0016311 (100%);GO:0009252 (100%)	0	0.276907617	0.839847835	3.512185159	1.551582451	2.37784788	0.403831945	9.382178152	2.131373932	1.483250317	0.831440937	0.605882354
GO:0071897 (100%)	35.035215152	21.246354100999998	12.422123406999999	7.908952915	10.164659368	10.978603929	20.474711897	40.356168061000005	13.615022266	20.958289285	31.134299505999998	20.667113304999997	
GO:0071897 (100%);GO:0006260 (100%)	88.555722417	217.09195369900002	303.167340325	39.84913010700001	44.67567481700001	22.679690126000004	19.491511580000004	18.04968253599999	25.682233162999996	22.458069795000004	18.395769729	24.029026974	
GO:0090529 (100%)	11.678726648000001	32.033387818	39.768786297999995	7.272398634	5.630487373000001	15.307237541	8.298214353	4.308853471	7.996605165	37.160890465	3.5930462270000003	29.806655511000002	
GO:0090529 (100%);GO:0043093 (100%);GO:0051258 (100%)	32.052274618	42.173489995	76.287425712	56.914840074999994	60.10610989899999	17.627274383	86.665855674	38.372641945	35.887879053	112.61280245200001	81.84234499000002	43.021336563999995	
GO:0097056 (100%);GO:0006434 (100%)	22.230550499	31.482771419000002	65.244758075	12.315009831	4.891840986	5.731937888	6.299553511	1.9583654860000002	6.268427678999999	4.5942491290000005	5.088228557999999	5.687266244	
GO:0101030 (100%);GO:0008616 (100%)	2.542902111	4.498024782999999	4.482783407	1.085259155	2.745376899	0	0.304761922	3.3287223900000003	0.46416134	0.086206172	16.207106870999997	0.593306401	
GO:1901135 (100%)	138.007857851	101.886006122	78.480566191	33.76153707199999	58.68021116599999	37.926143526999994	62.777712939999994	32.360032844	28.504729388000005	71.379979504	44.481798012	39.615042378000005	
GO:1901137 (100%);GO:0005975 (100%)	345.14805146900005	546.8749472970001	379.28460359100006	81.84776633	152.42325561500002	136.143109215	59.309521845000006	90.93263163400003	49.760114128999994	154.77659530900002	109.97069198999999	178.12098154999998	
GO:2001059 (100%);GO:0005988 (100%)	24.365413135999997	17.170164458000002	54.60534611	15.015397607	22.314027453999998	15.242607613999999	33.257548019	16.294956794	16.793365372	41.678207954	26.956273221	21.938328465	
